0 1.0 0.0 0.0
1 0.9999999200002334 3.9999986133299073e-08 3.9999782800470266e-08
2 0.9999996800036983 1.5999977813113552e-07 1.599965248301018e-07
3 0.9999992800187172 3.599988767749646e-07 3.5998240714288426e-07
4 0.9999987200591538 6.39996449992665e-07 6.399443987265441e-07
5 0.999998000144414 9.999913327967332e-07 9.998642573491216e-07
6 0.999997120299448 1.4399820271977446e-06 1.4397185307440986e-06
7 0.9999960805547454 1.9599667020931148e-06 1.9594785581340137e-06
8 0.9999948809463408 2.5599431931311666e-06 2.5591104720924436e-06
9 0.9999935215158029 3.239909002550496e-06 3.2385752007442375e-06
10 0.9999920023102391 3.999861298994648e-06 3.997828470303914e-06
11 0.9999903233822862 4.839796917302164e-06 4.836820807951914e-06
12 0.999988484790109 5.759712358271956e-06 5.755497545048733e-06
13 0.9999864865974033 6.759603788404107e-06 6.753798820686537e-06
14 0.9999843288733888 7.839467039615981e-06 7.831659585578104e-06
15 0.9999820116927973 8.999297608933858e-06 8.989009606282886e-06
16 0.9999795351358847 1.0239090658159902e-05 1.0225773469769865e-05
17 0.999976899288411 1.155884101351471e-05 1.154187058831688e-05
18 0.9999741042416428 1.2958543165255363e-05 1.2937215204746084e-05
19 0.9999711500923483 1.443819126726891e-05 1.4411716397995527e-05
20 0.9999680369427885 1.599777913664148e-05 1.5965278089025857e-05
21 0.9999647649007147 1.7637300253203093e-05 1.7597799047062418e-05
22 0.9999613340793613 1.935674775904794e-05 1.9309172896171847e-05
23 0.9999577445974381 2.1156114458030556e-05 2.1099288122173122e-05
24 0.9999539965791224 2.303539281523738e-05 2.2968028079882408e-05
25 0.9999500901540601 2.499457495643456e-05 2.4915271000691032e-05
26 0.9999460254573498 2.703365266749136e-05 2.6940890000476806e-05
27 0.9999418026295369 2.9152617393779172e-05 2.9044753087847086e-05
28 0.9999374218166062 3.135146023954668e-05 3.122672317271438e-05
29 0.9999328831699771 3.363017196727137e-05 3.3486658075202476e-05
30 0.9999281868464919 3.598874299698614e-05 3.582441053488384e-05
31 0.9999233330084003 3.842716340558302e-05 3.823982822034697e-05
32 0.9999183218233634 4.094542292609221e-05 4.073275373909298e-05
33 0.9999131534644328 4.3543510946937923e-05 4.3303024647761475e-05
34 0.9999078281100525 4.622141651116984e-05 4.59504734626839e-05
35 0.9999023459440385 4.8979128315671714e-05 4.867492767076516e-05
36 0.9998967071555747 5.18166347103456e-05 5.1476209740691815e-05
37 0.9998909119391938 5.473392369727319e-05 5.4354137134465975e-05
38 0.9998849604947756 5.773098292985277e-05 5.730852231926453e-05
39 0.9998788530275343 6.0807799711914124e-05 6.033917277962374e-05
40 0.9998725897480003 6.396436099680866e-05 6.344589102994652e-05
41 0.9998661708720143 6.720065338647782e-05 6.662847462733335e-05
42 0.9998595966207152 7.051666313049609e-05 6.98867161847352e-05
43 0.9998528672205231 7.391237612509417e-05 7.3220403384427e-05
44 0.9998459829031279 7.738777791215552e-05 7.662931899180338e-05
45 0.999838943905486 8.094285367819327e-05 8.011324086949165e-05
46 0.9998317504697898 8.45775882533018e-05 8.36719419917847e-05
47 0.9998244028434633 8.829196611008668e-05 8.730519045939117e-05
48 0.9998169012791572 9.20859713625722e-05 9.10127495145027e-05
49 0.9998092460347144 9.595958776508607e-05 9.479437755617689e-05
50 0.9998014373731702 9.991279871112056e-05 9.864982815603336e-05
51 0.9997934755627322 0.00010394558723217301 0.00010257885007426697
52 0.9997853608767668 0.0001080579359965639 0.00010658118727596918
53 0.9997770935937842 0.00011224982730823062 0.00011065657894776616
54 0.99976867399742 0.00011652124310550323 0.00011480475951476344
55 0.9997601023764234 0.00012087216495985123 0.00011902545865780067
56 0.9997513790246344 0.00012530257407461815 0.00012331840133101662
57 0.9997425042409773 0.00012981245128372494 0.00012768330777971975
58 0.9997334783294309 0.0001344017770503591 0.00013211989355856513
59 0.9997243015990247 0.00013907053146563743 0.00013662786955003626
60 0.9997149743638117 0.0001438186942472492 0.00014120694198323138
61 0.9997054969428537 0.00014864624473807754 0.00014585681245295082
62 0.9996958696602022 0.00015355316190480126 0.00015057717793908582
63 0.9996860928448845 0.0001585394243364723 0.0001553677308263087
64 0.9996761668308803 0.00016360501024307604 0.0001602281589240603
65 0.9996660919571072 0.00016874989745406806 0.00016515814548683563
66 0.9996558685673971 0.00017397406341689004 0.00017015736923476388
67 0.9996454970104802 0.000179277485195469 0.00017522550437448707
68 0.9996349776399629 0.00018466013946868956 0.0001803622206203269
69 0.9996243108143062 0.0001901220025288525 0.00018556718321574805
70 0.9996134968968168 0.00019566305028010733 0.00019084005295510995
71 0.9996025362556098 0.0002012832582368705 0.0001961804862057078
72 0.9995914292636008 0.0002069826015222178 0.00020158813493010213
73 0.9995801762984782 0.0002127610548662626 0.00020706264670873451
74 0.999568777742687 0.0002186185926045086 0.00021260366476282797
75 0.9995572339834005 0.00022455518867618986 0.00021821082797757085
76 0.9995455454125074 0.0002305708166225847 0.00022388377092558273
77 0.9995337124265793 0.00023666544958531507 0.00022962212389065933
78 0.999521735426856 0.0002428390603046249 0.00023542551289180153
79 0.9995096148192256 0.0002490916211176387 0.0002412935597075125
80 0.9994973510141946 0.00025542310395660473 0.0002472258819003803
81 0.9994849444268624 0.00026183348034711283 0.0002532220928419269
82 0.9994723954769075 0.00026832272140630463 0.0002592818017377343
83 0.9994597045885585 0.0002748907978410537 0.00026540461365284
84 0.9994468721905703 0.00028153767994613634 0.0002715901295374046
85 0.999433898716199 0.0002882633376023773 0.00027783794625263963
86 0.9994207846031812 0.0002950677402747831 0.00028414765659700783
87 0.999407530293711 0.0003019508570106555 0.00029051884933268906
88 0.9993941362344053 0.0003089126564376866 0.00029695110921230115
89 0.9993806028762882 0.00031595310676204094 0.00030344401700588795
90 0.9993669306747617 0.0003230721757664103 0.00030999714952816443
91 0.999353120089582 0.0003302698308080663 0.00031661007966602003
92 0.9993391715848343 0.00033754603881688106 0.0003232823764062714
93 0.9993250856289011 0.0003449007662933407 0.00033001360486368137
94 0.9993108626944425 0.00035233397930653867 0.00033680332630921575
95 0.9992965032583692 0.0003598456434921564 0.0003436510981985638
96 0.9992820078018093 0.00036743572405042047 0.00035055647420089326
97 0.9992673768100889 0.00037510418574405313 0.00035751900422785867
98 0.9992526107727024 0.00038285099289619696 0.00036453823446286175
99 0.9992377101832861 0.0003906761093883317 0.0003716137073905364
100 0.9992226755395829 0.000398579498658173 0.0003787449618264925
101 0.9992075073434236 0.00040656112369755643 0.0003859315329472841
102 0.9991922061006996 0.00041462094705030155 0.0003931729523206241
103 0.9991767723213258 0.00042275893081006875 0.0004004687479358315
104 0.9991612065192192 0.0004309750366181978 0.00040781844423450487
105 0.9991455092122687 0.0004392692256615276 0.00041522156214144257
106 0.9991296809223063 0.0004476414586702102 0.0004226776190957693
107 0.9991137221750757 0.00045609169591550393 0.000430186129082311
108 0.9990976335002046 0.00046461989720755537 0.00043774660266318014
109 0.9990814154311733 0.0004732260218931634 0.000445358547009594
110 0.9990650685052893 0.00048191002885354065 0.00045302146593390144
111 0.9990485932636534 0.0004906718765020433 0.0004607348599218449
112 0.99903199025113 0.0004995115227819069 0.000468498226165021
113 0.9990152600163218 0.0005084289251639564 0.00047631105859356857
114 0.9989984031115271 0.0005174240406443072 0.00048417284790906723
115 0.9989814200927223 0.0005264968257420575 0.0004920830816176381
116 0.9989643115195229 0.0005356472364969551 0.0005000412440632602
117 0.9989470779551595 0.0005448752284670745 0.0005080468164612961
118 0.9989297199664308 0.0005541807567264569 0.0005160992769322098
119 0.9989122381236922 0.0005635637758627563 0.0005241981005354943
120 0.9988946330008122 0.0005730242399748683 0.0005323427593037969
121 0.9988769051751425 0.0005825621026705459 0.0005405327222772422
122 0.9988590552274883 0.0005921773170639993 0.0005487674555379498
123 0.9988410837420766 0.0006018698357735006 0.0005570464222447418
124 0.9988229913065063 0.0006116396109189611 0.0005653690826680473
125 0.99880477851175 0.000621486594119507 0.0005737348942249865
126 0.9987864459520891 0.0006314107364910457 0.0005821433115146494
127 0.9987679942250943 0.0006414119886438098 0.0005905937863535519
128 0.9987494239316017 0.0006514903006799056 0.0005990857678112762
129 0.9987307356756565 0.0006616456221908483 0.0006076187022462876
130 0.9987119300644967 0.0006718779022550871 0.0006161920333419324
131 0.9986930077085168 0.0006821870894355064 0.0006248052021426093
132 0.9986739692212281 0.0006925731317769474 0.0006334576470901066
133 0.9986548152192305 0.0007030359768036939 0.0006421488040601174
134 0.9986355463221785 0.0007135755715169671 0.0006508781063989165
135 0.9986161631527437 0.0007241918623924037 0.0006596449849602088
136 0.9985966663365765 0.0007348847953775193 0.0006684488681421288
137 0.9985770565022837 0.0007456543158891804 0.0006772891819244118
138 0.9985573342813818 0.0007565003688110585 0.0006861653499057191
139 0.9985375003082655 0.0007674228984910808 0.0006950767933411166
140 0.9985175552201802 0.0007784218487388596 0.0007040229311797075
141 0.9984974996571743 0.0007894971628231388 0.0007130031801024152
142 0.9984773342620736 0.0008006487834692166 0.0007220169545599181
143 0.9984570596804364 0.0008118766528563619 0.0007310636668107201
144 0.9984366765605304 0.0008231807126152361 0.0007401427269593761
145 0.9984161855532856 0.0008345609038252907 0.0007492535429948539
146 0.9983955873122656 0.0008460171670121779 0.000758395520829028
147 0.9983748824936254 0.000857549442145147 0.0007675680643353161
148 0.9983540717560861 0.0008691576686344275 0.0007767705753874543
149 0.9983331557608842 0.0008808417853286229 0.0007860024538983853
150 0.9983121351717408 0.0008926017305120878 0.0007952630978592881
151 0.9982910106548305 0.0009044374419023018 0.0008045519033787342
152 0.9982697828787434 0.0009163488566472469 0.0008138682647219596
153 0.9982484525144393 0.0009283359113227672 0.0008232115743502638
154 0.9982270202352237 0.0009403985419299402 0.0008325812229605212
155 0.998205486716699 0.0009525366838924318 0.0008419765995248098
156 0.99818385263673 0.0009647502720538473 0.0008513970913301559
157 0.9981621186754219 0.0009770392406750997 0.0008608420840183897
158 0.9981402855150587 0.0009894035234317377 0.0008703109616260964
159 0.9981183538400829 0.001001843053411313 0.0008798031066246927
160 0.9980963243370482 0.0010143577631107092 0.0008893178999605871
161 0.9980741976945917 0.0010269475844334936 0.0008988547210954513
162 0.9980519746033862 0.0010396124486872515 0.0009084129480465871
163 0.998029655756113 0.001052352286580926 0.0009179919574273812
164 0.9980072418474121 0.0010651670282221513 0.0009275911244878615
165 0.9979847335738521 0.001078056603114596 0.0009372098231553403
166 0.9979621316338947 0.001091020940155288 0.000946847426075139
167 0.997939436727843 0.0011040599676319482 0.0009565033046514018
168 0.9979166495578189 0.0011171736132203315 0.0009661768290879925
169 0.9978937708277165 0.0011303618039815487 0.0009758673684294649
170 0.9978708012431672 0.0011436244663594016 0.0009855742906021135
171 0.9978477415114979 0.0011569615261777175 0.000995296962455098
172 0.9978245923416946 0.0011703729086376844 0.0010050347498016337
173 0.9978013544443601 0.0011838585383151697 0.0010147870174602584
174 0.9977780285316828 0.0011974183391580753 0.0010245531292961537
175 0.9977546153173922 0.0012110522344836471 0.0010343324482625462
176 0.9977311155167223 0.0012247601469758385 0.0010441243364421517
177 0.9977075298463701 0.0012385419986826267 0.0010539281550886797
178 0.9976838590244606 0.001252397711013365 0.0010637432646684057
179 0.9976601037705055 0.0012663272047361183 0.001073569024901785
180 0.9976362648053619 0.0012803303999750092 0.0010834047948051118
181 0.9976123428512047 0.0012944072162075692 0.0010932499327322394
182 0.9975883386314658 0.0013085575722620803 0.0011031037964163337
183 0.997564252870817 0.0013227813863149263 0.0011129657430116642
184 0.9975400862951224 0.0013370785758879703 0.0011228351291354527
185 0.9975158396313918 0.0013514490578458837 0.0011327113109097326
186 0.9974915136077532 0.0013658927483935364 0.0011425936440032625
187 0.9974671089534042 0.0013804095630733397 0.0011524814836734597
188 0.9974426263985812 0.0013949994167626464 0.0011623741848083638
189 0.997418066674512 0.0014096622236710978 0.001172271101968624
190 0.9973934305133836 0.0014243978973380326 0.001182171589429514
191 0.9973687186483002 0.001439206350629857 0.0011920750012229628
192 0.9973439318132356 0.001454087495737438 0.0012019806911795976
193 0.9973190707430108 0.0014690412441735142 0.0012118880129708088
194 0.9972941361732331 0.001484067506770081 0.0012217963201508258
195 0.9972691288402789 0.0014991661936757982 0.0012317049661987956
196 0.9972440494812398 0.001514337214353441 0.0012416133045608745
197 0.9972188988338856 0.0015295804775772896 0.0012515206886923153
198 0.997193677636628 0.0015448958914305595 0.001261426472099566
199 0.9971683866284727 0.001560283363302854 0.0012713300083823538
200 0.9971430265489971 0.0015757427998875995 0.0012812306512757759
201 0.9971175981382883 0.001591274107179495 0.0012911277546923685
202 0.9970921021369265 0.0016068771904719805 0.0013010206727641874
203 0.997066539285923 0.0016225519543546971 0.0013109087598848481
204 0.9970409103267001 0.0016382983027109614 0.0013207913707515783
205 0.9970152160010395 0.0016541161387152675 0.0013306678604072238
206 0.9969894570510499 0.0016700053648307505 0.0013405375842822605
207 0.9969636342191194 0.0016859658828067248 0.0013503998982367592
208 0.996937748247884 0.0017019975936761649 0.0013602541586023398
209 0.9969117998801869 0.001718100397753248 0.001370099722224087
210 0.9968857898590308 0.0017342741946308738 0.0013799359465024386
211 0.996859718927551 0.0017505188831782098 0.001389762189435038
212 0.9968335878289671 0.0017668343615382528 0.0013995778096585506
213 0.9968073973065475 0.0017832205271253768 0.0014093821664904324
214 0.996781148103569 0.0017996772766229229 0.0014191746199706684
215 0.9967548409632807 0.0018162045059807639 0.0014289545309034493
216 0.996728476628854 0.0018328021104129213 0.0014387212608988182
217 0.9967020558433587 0.0018494699843951586 0.0014484741724142525
218 0.9966755793497084 0.0018662080216625967 0.0014582126287961993
219 0.9966490478906389 0.0018830161152073835 0.0014679359943215431
220 0.9966224622086518 0.0018998941572762875 0.0014776436342390361
221 0.9965958230459872 0.001916842039368388 0.001487334914810639
222 0.9965691311445823 0.0019338596522327361 0.0014970092033528323
223 0.996542387246024 0.0019509468858660223 0.0015066658682778141
224 0.9965155920915229 0.001968103629510294 0.0015163042791346763
225 0.9964887464218679 0.001985329771650674 0.0015259238066504732
226 0.9964618509773862 0.0020026252000130474 0.001535523822771233
227 0.9964349064979076 0.0020199898015618362 0.0015451037007028837
228 0.9964079137227219 0.0020374234624977177 0.0015546628149521022
229 0.9963808733905494 0.002054926068255425 0.001564200541367084
230 0.9963537862394938 0.0020724975035015043 0.0015737162571782147
231 0.996326653007004 0.002090137652132118 0.0015832093410386634
232 0.9962994744298408 0.002107846397270871 0.001592679173064888
233 0.9962722512440336 0.0021256236212666094 0.0016021251348770297
234 0.996244984184849 0.0021434692056912816 0.0016115466096392303
235 0.9962176739867425 0.002161383031337804 0.0016209429820998483
236 0.99619032138333 0.0021793649782179264 0.0016303136386315613
237 0.9961629271073493 0.002197414925560119 0.0016396579672713738
238 0.9961354918906147 0.002215532751807482 0.0016489753577605113
239 0.9961080164639848 0.0022337183346156923 0.0016582652015842158
240 0.9960805015573242 0.0022519715508509085 0.0016675268920114301
241 0.9960529478994642 0.002270292276587775 0.001676759824134338
242 0.9960253562181715 0.002288680387107356 0.0016859633949078382
243 0.9959977272401026 0.0023071357568951577 0.0016951370031888535
244 0.9959700616907715 0.002325658259639139 0.0017042800497755303
245 0.9959423602945132 0.002344247768227742 0.0017133919374463533
246 0.9959146237744404 0.0023629041547479205 0.0017224720709990505
247 0.9958868528524158 0.002381627290483261 0.0017315198572894564
248 0.9958590482490051 0.0024004170459120196 0.0017405347052701753
249 0.9958312106834536 0.0024192732907052446 0.0017495160260291576
250 0.9958033408736349 0.0024381958937249263 0.0017584632328281058
251 0.9957754395360257 0.002457184723022111 0.0017673757411407636
252 0.9957475073856615 0.0024762396458350854 0.0017762529686910454
253 0.9957195451361107 0.00249536052858757 0.001785094335491027
254 0.9956915534994245 0.002514547236886898 0.0017938992638788132
255 0.9956635331861114 0.0025337996355222787 0.0018026671785562
256 0.9956354849050983 0.0025531175884630016 0.0018113975066262435
257 0.9956074093637024 0.0025725009588567697 0.001820089677630639
258 0.9955793072675738 0.0025919496090279362 0.0018287431235869565
259 0.9955511793206886 0.002611463400475812 0.0018373572790257144
260 0.9955230262252905 0.002631042193873058 0.0018459315810272947
261 0.9954948486818685 0.0026506858490639848 0.0018544654692586764
262 0.995466647389119 0.0026703942250629544 0.0018629583860100341
263 0.9954384230439085 0.0026901671800527703 0.0018714097762311342
264 0.9954101763412438 0.002710004571383106 0.0018798190875675969
265 0.9953819079742279 0.002729906255568955 0.0018881857703969484
266 0.9953536186340399 0.0027498720882891048 0.001896509277864509
267 0.9953253090098917 0.0027699019243845905 0.0019047890659191196
268 0.9952969797889901 0.0027899956178572562 0.0019130245933486677
269 0.9952686316565142 0.002810153021868264 0.0019212153218154248
270 0.9952402652955713 0.0028303739887366743 0.0019293607158912384
271 0.9952118813871709 0.0028506583699380184 0.0019374602430924852
272 0.9951834806101845 0.0028710060161029186 0.0019455133739148813
273 0.9951550636413207 0.0028914167770157082 0.0019535195818680563
274 0.9951266311550817 0.00291189050161311 0.0019614783435099588
275 0.9950981838237427 0.0029324270379829072 0.001969389138481076
276 0.9950697223173071 0.00295302623336265 0.001977251449538429
277 0.9950412473034806 0.0029736879341384108 0.0019850647625893757
278 0.995012759447641 0.0029944119858435086 0.001992828566725227
279 0.9949842594127992 0.0030151982331573205 0.0020005423542546175
280 0.9949557478595703 0.0030360465199040904 0.0020082056207367314
281 0.9949272254461476 0.0030569566890517558 0.0020158178650142504
282 0.9948986928282585 0.0030779285827108077 0.002023378589246154
283 0.9948701506591436 0.0030989620421332034 0.0020308872989402344
284 0.9948415995895221 0.003120056907711255 0.0020383435029854733
285 0.9948130402675586 0.0031412130189765715 0.0020457467136841393
286 0.994784473338834 0.003162430214599041 0.002053096446783711
287 0.9947558994463226 0.0031837083323858384 0.0020603922215085197
288 0.9947273192303454 0.0032050472092804093 0.0020676335605912446
289 0.9946987333285517 0.003226446681361573 0.002074819990304108
290 0.9946701423758857 0.0032479065838425516 0.002081951040489896
291 0.9946415470045549 0.003269426751070088 0.002089026244592725
292 0.9946129478440071 0.003291007016523602 0.0020960451396885636
293 0.9945843455208913 0.0033126472128143254 0.0021030072665155493
294 0.9945557406590328 0.003334347171684524 0.002109912169504054
295 0.9945271338794093 0.0033561067240066825 0.0021167593968065
296 0.9944985258001133 0.003377925699782753 0.0021235485003269832
297 0.9944699170363321 0.0033998039281434556 0.0021302790357505667
298 0.994441308200305 0.0034217412373475555 0.0021369505625724225
299 0.9944126999013181 0.003443737454781231 0.0021435626441266746
300 0.9943840927456536 0.0034657924069573898 0.002150114847615007
301 0.9943554873365776 0.003487905919515116 0.002156606744135027
302 0.9943268842743008 0.0035100778172190497 0.0021630379087083616
303 0.9942982841559602 0.003532307923958833 0.0021694079203085207
304 0.9942696875755938 0.003554596062748644 0.002175716361888495
305 0.9942410951240963 0.0035769420557266334 0.002181962820408094
306 0.9942125073892155 0.003599345724154538 0.00218814688686103
307 0.994183924955514 0.00362180688841722 0.0021942681563017602
308 0.9941553484043395 0.003644325368022243 0.002200326227871998
309 0.9941267783138077 0.0036669009815995636 0.0022063207048270664
310 0.9940982152587692 0.0036895335469011373 0.0022122511945618954
311 0.9940696598107973 0.003712222880800651 0.0022181173086367936
312 0.9940411125381395 0.0037349687992932357 0.0022239186628029545
313 0.9940125740057133 0.0037577711174952223 0.0022296548770276516
314 0.9939840447750741 0.0037806296496439287 0.0022353255755192254
315 0.9939555254043887 0.0038035442090974775 0.0022409303867517265
316 0.993927016448415 0.0038265146083346566 0.002246468943489357
317 0.993898518458475 0.003849540658954805 0.0022519408828105586
318 0.9938700319824291 0.0038726221716776955 0.0022573458461318825
319 0.9938415575646634 0.003895758956343515 0.0022626834792315448
320 0.9938130957460529 0.003918950821912827 0.0022679534322727147
321 0.9937846470639463 0.00394219757646659 0.002273155359826526
322 0.9937562120521409 0.003965499027206198 0.002278288920894778
323 0.9937277912408569 0.003988854980453555 0.0022833537789323627
324 0.9936993851567231 0.004012265241651176 0.0022883496018694296
325 0.9936709943227496 0.0040357296153623445 0.0022932760621332225
326 0.9936426192583072 0.00405924790527125 0.0022981328366696464
327 0.9936142604791003 0.0040828199141832635 0.0023029196069645277
328 0.99358591849716 0.004106445444025095 0.0023076360590646217
329 0.9935575938208072 0.004130124295845123 0.002312281883598249
330 0.9935292869546433 0.004153856269813679 0.0023168567757957397
331 0.9935009983995214 0.004177641165223397 0.0023213604355094733
332 0.9934727286525313 0.004201478780489551 0.0023257925672336924
333 0.9934444782069852 0.004225368913150513 0.0023301528801239896
334 0.9934162475523768 0.0042493113598681565 0.002334441088016491
335 0.9933880371743871 0.004273305916428348 0.002338656909446757
336 0.993359847554853 0.004297352377741452 0.002342800067668349
337 0.993331679171748 0.004321450537842847 0.0023468702906711235
338 0.9933035324991711 0.004345600189893542 0.002350867311199187
339 0.9932754080073168 0.00436980112618076 0.0023547908667685695
340 0.9932473061624643 0.004394053138118585 0.00235864069968459
341 0.9932192274269612 0.0044183560162486335 0.0023624165570588886
342 0.9931911722592013 0.004442709550240787 0.0023661181908261543
343 0.9931631411136128 0.004467113528893929 0.002369745357760579
344 0.9931351344406407 0.004491567740136704 0.0023732978194919464
345 0.9931071526867158 0.004516071971028362 0.002376775342521425
346 0.9930791962942691 0.004540626007759612 0.0023801776982370674
347 0.9930512657016847 0.004565229635653484 0.0023835046629289663
348 0.9930233613432966 0.004589882639166254 0.002386756017804096
349 0.9929954836493772 0.004614584801888407 0.0023899315490008614
350 0.9929676330461185 0.004639335906545644 0.0023930310476033023
351 0.9929398099556147 0.004664135734999843 0.0023960543096549695
352 0.992912014795849 0.004688984068250197 0.0023990011361725216
353 0.9928842479806792 0.004713880686434283 0.0024018713331589647
354 0.9928565099198318 0.004738825368829157 0.0024046647116165833
355 0.9928288010188656 0.004763817893852541 0.0024073810875595253
356 0.9928011216791887 0.004788858039064063 0.002410020282026118
357 0.992773472298023 0.0048139455811664405 0.0024125821210907766
358 0.9927458532683976 0.00483908029600678 0.0024150664358756836
359 0.9927182649791394 0.004864261958577867 0.002417473062562048
360 0.9926907078148606 0.004889490343019514 0.0024198018424011047
361 0.992663182155937 0.004914765222619931 0.0024220526217247607
362 0.9926356883785091 0.004940086369817174 0.0024242252519559053
363 0.9926082268544626 0.004965453556200574 0.002426319589618394
364 0.9925807979514236 0.004990866552512189 0.002428335496346732
365 0.9925534020327391 0.005016325128648367 0.002430272838895373
366 0.9925260394574739 0.005041829053661292 0.0024321314891477333
367 0.9924987105803983 0.005067378095760577 0.0024339113241248597
368 0.9924714157519765 0.005092972022314866 0.00243561222599375
369 0.9924441553183558 0.005118610599853574 0.0024372340820753647
370 0.9924169296213635 0.005144293594068469 0.0024387767848522866
371 0.9923897389984927 0.0051700207698155 0.0024402402319760558
372 0.9923625837828947 0.005195791891116572 0.002441624326274163
373 0.9923354643033684 0.005221606721161247 0.0024429289757567202
374 0.9923083808843569 0.005247465022308696 0.0024441540936227706
375 0.9922813338459316 0.005273366556089575 0.002445299598266301
376 0.9922543235037972 0.005299311083207874 0.0024463654132818894
377 0.9922273501692747 0.005325298363542921 0.0024473514674700258
378 0.9922004141492954 0.005351328156151339 0.0024482576948420876
379 0.9921735157463945 0.005377400219269095 0.0024490840346249837
380 0.9921466552587106 0.005403514310313546 0.002449830431265462
381 0.9921198329799723 0.005429670185885504 0.002450496834434088
382 0.9920930491994948 0.005455867601771421 0.002451083199028862
383 0.9920663042021715 0.005482106312945545 0.0024515894851785216
384 0.9920395982684779 0.005508386073572092 0.002452015658245492
385 0.992012931674461 0.005534706637007493 0.002452361688828485
386 0.9919863046917295 0.005561067755802702 0.0024526275527648016
387 0.9919597175874626 0.005587469181705454 0.002452813231132255
388 0.991933170624393 0.005613910665662656 0.00245291871025075
389 0.9919066640608009 0.00564039195782278 0.0024529439816835747
390 0.9918801981505334 0.0056669128075382165 0.002452889042238308
391 0.9918537731429752 0.005693472963367809 0.0024527538939673665
392 0.9918273892830616 0.0057200721730792615 0.002452538544168297
393 0.9918010468112743 0.005746710183651734 0.002452243005383623
394 0.9917747459636325 0.005773386741278367 0.002451867295400438
395 0.9917484869716944 0.005800101591368886 0.002451411437249606
396 0.9917222700625549 0.005826854478552236 0.0024508754592046564
397 0.9916960954588546 0.005853645146679278 0.002450259394780321
398 0.9916699633787571 0.005880473338825447 0.0024495632827307265
399 0.9916438740359734 0.005907338797293532 0.0024487871670472575
400 0.9916178276397429 0.005934241263616377 0.0024479310969560833
401 0.9915918243948417 0.005961180478559802 0.0024469951269153484
402 0.9915658645015801 0.005988156182125408 0.0024459793166119875
403 0.9915399481558079 0.006015168113553391 0.002444883730958267
404 0.9915140755489061 0.006042216011325594 0.0024437084400879233
405 0.9914882468677998 0.006069299613168327 0.002442453519352017
406 0.9914624622949504 0.006096418656055402 0.0024411190493143914
407 0.9914367220083637 0.006123572876211194 0.002439705115746853
408 0.991411026181586 0.006150762009113678 0.002438211809623967
409 0.9913853749837087 0.0061779857894974964 0.0024366392271175565
410 0.9913597685793761 0.006205243951357088 0.002434987469590817
411 0.9913342071287838 0.006232536227949911 0.0024332566435921426
412 0.9913086907876756 0.006259862351799567 0.0024314468608485794
413 0.9912832197073682 0.0062872220546991205 0.0024295582382589747
414 0.9912577940347264 0.006314615067714275 0.0024275908978867522
415 0.9912324139121883 0.00634204112118672 0.002425544966952395
416 0.9912070794777648 0.0063694999447374695 0.0024234205778255716
417 0.9911817908650409 0.006396991267270251 0.0024212178680169125
418 0.9911565482031832 0.0064245148169748325 0.0024189369801694946
419 0.9911313516169482 0.00645207032133061 0.0024165780620499446
420 0.9911062012266832 0.006479657507109899 0.002414141266539273
421 0.9910810971483284 0.006507276100381652 0.002411626751623301
422 0.9910560394934385 0.006534925826514798 0.0024090346803828135
423 0.9910310283691733 0.006562606410181939 0.0024063652209833533
424 0.9910060638783114 0.0065903175753629605 0.0024036185466647045
425 0.9909811461192606 0.006618059045348629 0.0024007948357300376
426 0.9909562751860566 0.006645830542744292 0.002397894271534716
427 0.9909314511683878 0.0066736317894736065 0.002394917042474791
428 0.9909066741515802 0.006701462506782267 0.0023918633419751554
429 0.9908819442166203 0.006729322415241786 0.002388733368477396
430 0.9908572614401576 0.006757211234753342 0.002385527325427288
431 0.9908326258945271 0.00678512868455154 0.0023822454212619826
432 0.9908080376477355 0.006813074483208394 0.0023788878693968875
433 0.990783496763495 0.0068410483486371675 0.0023754548882121695
434 0.9907590033012116 0.00686904999809635 0.0023719467010390027
435 0.9907345573160089 0.006897079148193662 0.002368363536145452
436 0.9907101588587361 0.0069251355148899855 0.0023647056267220457
437 0.9906858079759808 0.006953218813503461 0.0023609732108670475
438 0.9906615047100662 0.006981328758713584 0.0023571665315713585
439 0.9906372490990826 0.007009465064565273 0.0023532858367031843
440 0.9906130411768869 0.007037627444473033 0.002349331378992305
441 0.9905888809731156 0.007065815611225125 0.002345303416014062
442 0.9905647685131944 0.007094029276987708 0.002341202210173051
443 0.990540703818359 0.007122268153309205 0.0023370280286864643
444 0.9905166869056652 0.007150531951124447 0.002332781143567151
445 0.9904927177879934 0.007178820380759092 0.002328461831606349
446 0.9904687964740686 0.007207133151933751 0.0023240703743560996
447 0.9904449229684795 0.007235469973768617 0.002319607058111389
448 0.9904210972716817 0.007263830554787683 0.0023150721738919283
449 0.9903973193800149 0.0072922146029232 0.002310466017423681
450 0.9903735892857223 0.007320621825520124 0.0023057888891200376
451 0.9903499069769595 0.007349051929340669 0.002301041094062723
452 0.9903262724378115 0.007377504620568724 0.0022962229419823876
453 0.9903026856483099 0.007405979604814484 0.002291334747238874
454 0.9902791465844427 0.007434476587118975 0.002286376828801225
455 0.9902556552181789 0.007462995271958629 0.002281349510227365
456 0.9902322115174726 0.007491535363250009 0.00227625311964348
457 0.9902088154462889 0.007520096564354483 0.0022710879897231114
458 0.9901854669646171 0.007548678578082772 0.002265854457665975
459 0.9901621660284925 0.007577281106699839 0.0022605528651764334
460 0.9901389125899984 0.007605903851929569 0.0022551835584417234
461 0.990115706597301 0.0076345465149595115 0.002249746888109865
462 0.9900925479946561 0.007663208796445815 0.002244243209267299
463 0.990069436722436 0.007691890396517937 0.002238672881416226
464 0.9900463727171365 0.0077205910147835856 0.0022330362684516557
465 0.9900233559113991 0.007749310350333596 0.0022273337386381734
466 0.9900003862340411 0.007778048101746928 0.002221565664586438
467 0.9899774636100507 0.007806803967095459 0.002215732423229354
468 0.9899545879606291 0.007835577643949113 0.0022098343957980293
469 0.9899317592031989 0.0078643688293808 0.0022038719677973887
470 0.9899089772514236 0.007893177219971518 0.0021978455289815447
471 0.9898862420152358 0.007922002511815322 0.0021917554733288875
472 0.9898635534008409 0.00795084440052453 0.0021856021990168985
473 0.9898409113107518 0.007979702581234678 0.0021793861083966764
474 0.9898183156438062 0.008008576748609851 0.002173107607967218
475 0.9897957662951847 0.008037466596847748 0.0021667671083494115
476 0.9897732631564369 0.008066371819684857 0.0021603650242597657
477 0.9897508061154974 0.008095292110401782 0.00215390177448388
478 0.9897283950567052 0.008124227161828442 0.002147377781849623
479 0.9897060298608341 0.008153176666349266 0.0021407934732000926
480 0.9896837104051084 0.008182140315908637 0.0021341492793662746
481 0.9896614365632281 0.008211117802016138 0.0021274456351394523
482 0.9896392082053896 0.008240108815751901 0.002120682979243381
483 0.9896170251983057 0.008269113047772036 0.0021138617543061807
484 0.9895948874052379 0.008298130188313935 0.0021069824068319773
485 0.9895727946860109 0.00832715992720179 0.0021000453871722934
486 0.9895507468970363 0.008356201953852026 0.0020930511494972265
487 0.9895287438913405 0.008385255957278764 0.002086000151766285
488 0.9895067855185872 0.008414321626099303 0.002078892855699075
489 0.989484871625099 0.008443398648539673 0.0020717297267457174
490 0.9894630020538874 0.008472486712440157 0.0020645112340569706
491 0.989441176644669 0.008501585505260895 0.0020572378504541667
492 0.9894193952338983 0.008530694714087416 0.0020499100523988898
493 0.9893976576547855 0.008559814025636306 0.002042528319962429
494 0.9893759637373298 0.008588943126260823 0.0020350931367949677
495 0.9893543133083381 0.00861808170195658 0.0020276049900945824
496 0.9893327061914492 0.008647229438367172 0.0020200643705759573
497 0.9893111422071638 0.008676386020789947 0.0020124717724389137
498 0.9892896211728737 0.008705551134181696 0.0020048276933367012
499 0.9892681429028845 0.008734724463164395 0.0019971326343440374
500 0.9892467072084379 0.008763905692030973 0.0019893870999249876
501 0.9892253138977423 0.008793094504751138 0.001981591597900535
502 0.9892039627760009 0.008822290584977185 0.001973746639415992
503 0.9891826536454368 0.00885149361604973 0.0019658527389082156
504 0.9891613863053206 0.008880703281003696 0.0019579104140725187
505 0.9891401605519947 0.008909919262574095 0.0019499201858294677
506 0.9891189761789058 0.00893914124320192 0.001941882578291405
507 0.989097832976628 0.008968368905040134 0.0019337981187287844
508 0.9890767307329029 0.008997601929959532 0.001925667337536311
509 0.9890556692326449 0.00902683999955467 0.0019174907681988552
510 0.9890346482579916 0.009056082795149883 0.0019092689472571694
511 0.9890136675883211 0.009085329997805284 0.0019010024142734345
512 0.9889927270002798 0.009114581288322692 0.0018926917117965641
513 0.9889718262678204 0.00914383634725174 0.0018843373853273382
514 0.9889509651622198 0.009173094854895827 0.001875939983283353
515 0.9889301434521168 0.009202356491318307 0.0018675000569637428
516 0.9889093609035393 0.009231620936348396 0.001859018160513772
517 0.9888886172799269 0.009260887869587401 0.0018504948508891762
518 0.988867912342169 0.009290156970414774 0.0018419306878203763
519 0.9888472458486351 0.009319427917994227 0.0018333262337764562
520 0.9888266175551963 0.009348700391279897 0.001824682053929015
521 0.9888060272152689 0.009377974069022486 0.001815998716115809
522 0.9887854745798302 0.009407248629775478 0.0018072767908042281
523 0.9887649593974548 0.00943652375190129 0.0017985168510545942
524 0.9887444814143499 0.00946579911357744 0.0017897194724833083
525 0.9887240403743838 0.0094950743928029 0.001780885233225799
526 0.9887036360191116 0.009524349267404163 0.001772014713899341
527 0.9886832680878089 0.00955362341504155 0.0017631084975656794
528 0.9886629363175085 0.009582896513215606 0.0017541671696935184
529 0.98864264044302 0.009612168239273165 0.0017451913181208319
530 0.988622380196983 0.009641438270413766 0.0017361815330170442
531 0.9886021553098729 0.009670706283695934 0.0017271384068450219
532 0.988581965510048 0.009699971956043503 0.0017180625343229507
533 0.9885618105237771 0.009729234964251918 0.0017089545123860368
534 0.9885416900752718 0.009758494984994646 0.0016998149401480885
535 0.9885216038867236 0.00978775169482944 0.0016906444188629205
536 0.9885015516783278 0.009817004770204788 0.0016814435518856606
537 0.9884815331683182 0.009846253887466221 0.0016722129446338782
538 0.9884615480730073 0.009875498722862745 0.0016629532045485931
539 0.9884415961068107 0.009904738952553269 0.0016536649410551644
540 0.9884216769822807 0.00993397425261294 0.0016443487655240332
541 0.9884017904101484 0.009963204299039642 0.001635005291231329
542 0.9883819360993412 0.009992428767760388 0.0016256351333193723
543 0.9883621137570273 0.010021647334637764 0.0016162389087570374
544 0.9883423230886477 0.010050859675476457 0.0016068172363000073
545 0.9883225637979459 0.010080065466029601 0.0015973707364508951
546 0.9883028355870006 0.010109264382005292 0.0015879000314192667
547 0.9882831381562704 0.010138456099073134 0.0015784057450815418
548 0.9882634712046137 0.010167640292870643 0.001568888502940777
549 0.9882438344293311 0.010196816639009815 0.0015593489320863566
550 0.9882242275261894 0.010225984813083573 0.0015497876611535826
551 0.9882046501894726 0.010255144490672337 0.0015402053202831247
552 0.9881851021119983 0.010284295347350519 0.001530602541080428
553 0.988165582985162 0.010313437058693017 0.0015209799565749653
554 0.9881460924989699 0.010342569300281854 0.0015113382011794376
555 0.9881266303420698 0.010371691747712627 0.0015016779106488656
556 0.9881071962017904 0.010400804076601008 0.0014919997220395915
557 0.9880877897641747 0.010429905962589556 0.001482304273668189
558 0.9880684107140081 0.010458997081354005 0.001472592205070308
559 0.9880490587348639 0.01048807710860992 0.0014628641569594163
560 0.9880297335091299 0.010517145720119291 0.0014531207711854755
561 0.9880104347180467 0.01054620259169716 0.0014433626906935467
562 0.9879911620417406 0.01057524739921808 0.0014335905594823062
563 0.987971915159257 0.010604279818622796 0.0014238050225624855
564 0.9879526937486056 0.01063329952592483 0.0014140067259152676
565 0.9879334974867814 0.01066230619721704 0.001404196316450611
566 0.9879143260498071 0.010691299508678207 0.001394374441965503
567 0.9878951791127684 0.01072027913657974 0.0013845417511021416
568 0.9878760563498535 0.010749244757292163 0.0013746988933061068
569 0.987856957434375 0.01077819604729176 0.0013648465187844042
570 0.9878378820388203 0.010807132683167209 0.0013549852784635308
571 0.9878188298348781 0.010836054341626202 0.0013451158239474324
572 0.9877998004934748 0.010864960699502008 0.001335238807475462
573 0.9877807936848121 0.010893851433760152 0.0013253548818802608
574 0.9877618090784033 0.01092272622150497 0.0013154647005456078
575 0.9877428463431038 0.010951584739986274 0.001305568917364246
576 0.9877239051471545 0.010980426666605949 0.001295668186695645
577 0.9877049851582083 0.011009251678924541 0.001285763163323755
578 0.9876860860433743 0.011038059454667994 0.0012758545024147128
579 0.9876672074692485 0.011066849671734099 0.0012659428594745457
580 0.9876483491019519 0.011095622008199293 0.0012560288903068182
581 0.9876295106071642 0.01112437614232508 0.001246113250970279
582 0.9876106916501595 0.01115311175256484 0.0012361965977364783
583 0.9875918918958432 0.011181828517570281 0.0012262795870473704
584 0.9875731110087923 0.011210526116198192 0.0012163628754729163
585 0.9875543486532778 0.011239204227516952 0.00120644711966865
586 0.9875356044933173 0.0112678625308132 0.001196532976333253
587 0.9875168781926995 0.011296500705598381 0.0011866211021661335
588 0.9874981694150247 0.011325118431615419 0.0011767121538249661
589 0.9874794778237368 0.0113537153888453 0.0011668067878832715
590 0.987460803082165 0.011382291257513609 0.0011569056607879666
591 0.9874421448535531 0.011410845718097144 0.001147009428816961
592 0.9874235028011011 0.01143937845133063 0.001137118748036704
593 0.9874048765879961 0.01146788913821311 0.0011272342742597898
594 0.9873862658774512 0.011496377460014638 0.001117356663002567
595 0.9873676703327448 0.01152484309828285 0.0011074865694427462
596 0.9873490896172419 0.011553285734849508 0.0010976246483770443
597 0.9873305233944527 0.011581705051837058 0.0010877715541788354
598 0.987311971328048 0.011610100731665272 0.0010779279407558476
599 0.9872934330819041 0.011638472457057581 0.001068094461507864
600 0.9872749083201372 0.011666819911047878 0.00105827176928447
601 0.9872563967071413 0.011695142776986947 0.0010484605163428259
602 0.9872378979076165 0.011723440738549015 0.0010386613543054775
603 0.9872194115866144 0.01175171347973819 0.0010288749341182016
604 0.9872009374095693 0.011779960684895074 0.0010191019060078908
605 0.9871824750423288 0.011808182038703267 0.0010093429194404967
