0 1.0 0.0 0.0
1 0.9999920023102181 3.999861306424547e-06 3.997828474563511e-06
2 0.9999680369427252 1.5997779166351898e-05 1.5965278106010518e-05
3 0.9999281868463646 3.598874306379981e-05 3.5824410572897425e-05
4 0.999872589747788 6.396436111550244e-05 6.344589109702421e-05
5 0.9998014373728473 9.991279889640609e-05 9.86498282598385e-05
6 0.9997149743633589 0.00014381869451375357 0.00014120694213095515
7 0.9996134968962057 0.0001956630506423546 0.00019084005315337304
8 0.9994973510134172 0.0002554231044289978 0.0002472258821551488
9 0.999366930673793 0.00032307217636320934 0.00030999714984465877
10 0.9992226755383959 0.00039857949939347447 0.00037874496220911786
11 0.9990650685038677 0.00048191002974125384 0.000453021466386169
12 0.9988946329991355 0.0005730242410287019 0.0005323427598282689
13 0.9987119300625599 0.0006718779034885186 0.000616192033940187
14 0.9985175552179708 0.000778421850165125 0.0007040229318522706
15 0.9983121351692379 0.0008926017321441481 0.0007952630986056129
16 0.9980963243342476 0.001014357764961233 0.000889317900779058
17 0.9978708012400519 0.0011436244684407285 0.0009855742914900102
18 0.9976362648019239 0.001280330402299148 0.0010834047957586114
19 0.9973934305096205 0.0014243978999166165 0.0011821715904437318
20 0.9971430265449063 0.0015757428027318703 0.0012812306523447615
21 0.9968857898546154 0.001734274197751638 0.0013799359476192288
22 0.9966224622039069 0.0018998941606839406 0.0014776436353957007
23 0.9963537862344121 0.0020724975072059426 0.0015737162583659117
24 0.9960805015519049 0.0022519715548615584 0.0016675268932204736
25 0.9958033408678852 0.0024381958980506627 0.001758463234048035
26 0.9955230262192147 0.0026310421985222157 0.0018459315822469985
27 0.9952402652891679 0.0028303739937170125 0.0019293607170990108
28 0.9949557478528424 0.0030360465252227678 0.002008205621920383
29 0.994670142368838 0.0032479065895060955 0.0020819510416368882
30 0.9943840927382988 0.0034657924129716587 0.0021501148487124973
31 0.9940982152511144 0.0036895335532713125 0.0022122511955969663
32 0.993813095738105 0.003918950828643396 0.002267953433232418
33 0.9935292869464023 0.004153856276908429 0.0023168567766672357
34 0.993247306153944 0.004394053145580505 0.0023586407004552975
35 0.9929676330373404 0.004639335914376959 0.0023930310482610357
36 0.9926907078058212 0.0048894903512216375 0.002419801842934162
37 0.9924169296120838 0.005144293602642066 0.002438776785249625
38 0.9921466552492016 0.005403514319258348 0.0024498304315167794
39 0.991880198140789 0.005666912816853239 0.0024528890423341863
40 0.991617827629783 0.005934241273299677 0.002447931096888093
41 0.9913597685692115 0.006205243961405826 0.0024349874693516665
42 0.991106201216327 0.00647965751752034 0.0024141412661228723
43 0.9908572614296223 0.006757211245520948 0.002385527324828815
44 0.9906130411661722 0.007037627455592291 0.0023493313782083263
45 0.9903735892748387 0.007320621836984592 0.0023057888881486063
46 0.9901389125789548 0.007605903863731948 0.002255183557282401
47 0.989908977240229 0.007893177232103614 0.0021978455276354856
48 0.9896837103937729 0.008182140328361195 0.0021341492778362316
49 0.989463002042419 0.008472486725203112 0.0020645112323473616
50 0.9892467071968347 0.008763905705093404 0.0019893870980418624
51 0.9890346482462613 0.009056082808500012 0.0019092689452082216
52 0.9888266175433422 0.009348700404904884 0.0018246820517235705
53 0.9886223801850061 0.009641438284300132 0.001736181530666043
54 0.9884216769701852 0.009933974266746224 0.0016443487630399907
55 0.9882242275139687 0.010225984827448499 0.0015497876585505346
56 0.9880297334967906 0.01051714573469979 0.0014531207684788886
57 0.9878378820263498 0.010807132697946333 0.0013549852756702008
58 0.9876483490893639 0.011095622023159484 0.0012560288874448227
59 0.9874608030694539 0.011382291272636427 0.0011569056578765139
60 0.987274908307308 0.011666819926314152 0.001058271766343804
61 0.9870903286787613 0.01194889004165589 0.0009607812795497136
62 0.9869067311664854 0.012228186909164046 0.0008650819243188755
63 0.9867237894009637 0.012504399700585908 0.0007718108984190052
64 0.9865411871466443 0.012777222106908612 0.0006815907464159221
65 0.9863586217095258 0.013046352963285381 0.0005950253271593342
66 0.9861758072429545 0.01331149685810197 0.0005126958989134311
67 0.9859924779291045 0.01357236472347094 0.00043515734739512453
68 0.9858083910143572 0.01382867440454235 0.00036293458106891475
69 0.9856233296778643 0.01408015120512948 0.00029651911697631093
70 0.9854371057135363 0.014326528407279875 0.00023636587915661593
71 0.9852495620070566 0.01456754776256271 0.00018289023035249186
72 0.985060574790773 0.014802959953001248 0.00013646525619673416
73 0.9848700556607692 0.015032525019746744 9.741931945591459e-05
74 0.98467795334203 0.015256012757771314 6.603390017222949e-05
75 0.9844842551892159 0.01547320307504654 4.254173570837946e-05
76 0.9842889884123218 0.015683886314875148 2.7125272773231017e-05
77 0.9840922210182186 0.015887863540249354 1.9915441500955903e-05
78 0.9838940624610626 0.016084946779323112 2.099075958610061e-05
79 0.9836946639963107 0.016274959231306355 3.0376772354988026e-05
80 0.983494218735169 0.016457735432308645 4.804583249365319e-05
81 0.9832929613981165 0.016633121380888724 7.391722096807616e-05
82 0.9830911677682063 0.016800974623288868 0.00010785760847786675
83 0.9828891538468183 0.016961164298560986 0.00014968185459390986
84 0.9826872747163985 0.01711357114401581 0.00019915413955791725
85 0.9824859231167473 0.017258087461643923 0.0002559894215813447
86 0.9822855277432081 0.017394617046377178 0.0003198552103864703
87 0.9820865512770051 0.017523075077267036 0.00039037364569718974
88 0.9818894881596865 0.017643387972858953 0.0004671238674242322
89 0.9816948621253212 0.01775549321223764 0.0005496446624118195
90 0.9815032235057368 0.017859339123400684 0.000637437370832288
91 0.9813151463255312 0.01795488464079302 0.0007299690336433689
92 0.9811312252049997 0.01804209903399521 0.0008266757609704819
93 0.9809520720904068 0.018120961609707605 0.0009269662998534678
94 0.9807783128321477 0.018191461389307086 0.0010302257785129295
95 0.9806105836324399 0.018253596764371844 0.0011358196031539668
96 0.980449527384947 0.018307375132676384 0.0012430974823418911
97 0.9802957899295599 0.01835281251724387 0.0013513975531620334
98 0.9801500162461303 0.018389933171117513 0.001460050582718957
99 0.9800128466113598 0.0184187691705654 0.0015683842180437802
100 0.9798849127433356 0.018439359999470644 0.0016757272571651083
101 0.9797668339583314 0.0184517521276793 0.0017814139139607137
102 0.9796592133644493 0.01845599858607694 0.0018847880494454485
103 0.9795626341164532 0.018452158541154378 0.001985207342364666
104 0.9794776557558365 0.018440296871783113 0.0020820473723510645
105 0.9794048106596303 0.018420483750875814 0.0021747055894634345
106 0.9793446006207808 0.01839279423453569 0.002262605144654614
107 0.9792974935821465 0.018357307861216983 0.0023451985566091613
108 0.9792639205452139 0.01831410826331635 0.002421971191441462
109 0.9792442726735244 0.018263282793501548 0.002492444532947507
110 0.9792388986095727 0.018204922167952584 0.002556179222448481
111 0.9792481020226768 0.018139120128548396 0.002612777848745419
112 0.979272139403791 0.018065973125874116 0.0026618874703088816
113 0.9793112181216638 0.017985580024758613 0.0027032018535489174
114 0.9793654947532682 0.01789804183387144 0.0027364634128347848
115 0.9794350736994012 0.017803461460722664 0.0027614648398503567
116 0.9795200060948974 0.0177019434932116 0.0027780504118678686
117 0.979620289020722 0.017593594008669465 0.0027861169705855134
118 0.9797358650235526 0.017478520411131317 0.0027856145652919275
119 0.9798666219463393 0.017356831297362516 0.0027765467562772695
120 0.9800123930714398 0.017228636351945922 0.0027589705765936187
121 0.9801729575759889 0.01709404627152622 0.002732996152462917
122 0.9803480412970744 0.016953172718082936 0.0026987859848237776
123 0.9805373178024017 0.016806128300897206 0.002656553896685025
124 0.9807404097602258 0.016653026586658112 0.0026065636531012867
125 0.9809568906003441 0.016493982136952363 0.002549127262687873
126 0.9811862864561749 0.016329110572174246 0.002484602971638156
127 0.9814280783761054 0.016158528660700604 0.0024133929631803275
128 0.9816817047907012 0.01598235443198593 0.0023359407773022325
129 0.981946564220568 0.015800707312057186 0.0022527284673674974
130 0.9822220182083392 0.015613708279718513 0.002164273511935189
131 0.9825073944567048 0.015421480041621617 0.0020711255016649934
132 0.9828019901531453 0.015224147224214144 0.001973862622632058
133 0.9831050754608639 0.015021836580448283 0.0018730879586804344
134 0.983415897154371 0.014814677209018653 0.0017694256366028388
135 0.9837336823772578 0.014602800783795786 0.0016635168389399445
136 0.9840576424989194 0.01438634179103957 0.0015560157100385607
137 0.9843869770464041 0.014165437771908661 0.0014475851816886372
138 0.984720877687103 0.013940229567730562 0.001338892745170093
139 0.9850585322376644 0.013710861565462968 0.0012306061968793687
140 0.9853991286743797 0.013477481940761486 0.001123389384868386
141 0.9857418591203235 0.01324024289606891 0.0010178979836166031
142 0.9860859237846812 0.012999300891159499 0.0009147753241680527
143 0.9864305348299987 0.012754816863607884 0.0008146483064022467
144 0.9867749201436289 0.012506956436705817 0.000718123419672305
145 0.9871183269902518 0.012255890112416692 0.0006257828973393944
146 0.9874600255231009 0.01200179344704808 0.0005381810298638867
147 0.9877993121325047 0.01174484720741947 0.0004558406600864061
148 0.9881355126114333 0.011485237505423455 0.0003792498831525509
149 0.9884679851187944 0.011223155909006351 0.00030885897221126626
150 0.9887961229227122 0.010958799527741137 0.00024507754955720086
151 0.989119356907386 0.010692371071322265 0.00018827202130122976
152 0.9894371578285777 0.010424078879479737 0.00013876329195091096
153 0.989749038304548 0.010154136921990548 9.682477347505875e-05
154 0.9900545545308354 0.009882764767653965 6.268070152535475e-05
155 0.9903533077092147 0.009610187521292638 3.6504769505395434e-05
156 0.9906449451828436 0.009336635728046484 1.841908912647836e-05
157 0.9909291612716031 0.009062345244435303 8.493483983051056e-06
158 0.9912056978036066 0.008787557075878397 6.745120532603398e-06
159 0.9914743443407554 0.00851251718057629 1.3138478688809137e-05
160 0.9917349380980948 0.008237476239877198 2.7585662046875066e-05
161 0.9919873635589807 0.007962689395468063 4.994704557049468e-05
162 0.9922315517896827 0.007688415953946013 8.003225639463112e-05
163 0.9924674794592329 0.00741491905953994 0.00011760148125159706
164 0.9926951675721435 0.007142465335960417 0.0001623670919233897
165 0.9929146799233926 0.006871324498560051 0.00021399557807455402
166 0.9931261212870037 0.006601768938183247 0.0002721097748401694
167 0.9933296353511086 0.006334073278272763 0.0003362913706456752
168 0.9935254024141199 0.006068513906980126 0.0004060836789313588
169 0.9937136368580817 0.005805368486195348 0.0004809946557561025
170 0.993894584416789 0.005544915439569454 0.0005605001436732533
171 0.9940685192574674 0.005287433421746931 0.0006440473208166429
172 0.9942357408960583 0.0050332007711576185 0.0007310583328159399
173 0.9943965709672138 0.004782494948833526 0.0008209340839863565
174 0.994551349871001 0.004535591965817714 0.0009130581632158451
175 0.9947004333191071 0.00429276580181919 0.0010068008791095282
176 0.9948441888039466 0.004054287817836016 0.0011015233782524143
177 0.994982992014589 0.003820426165522634 0.0011965818199211524
178 0.9951172232237032 0.0035914451961125016 0.0012913315802178516
179 0.9952472636698935 0.003367604871725609 0.001385131458415466
180 0.9953734919598474 0.003149160181890949 0.0014773478582966206
181 0.9954962805145052 0.0029363605680975706 0.0015673589174357051
182 0.9956159920831686 0.0027294493591534428 0.001654558557716613
183 0.9957329763490634 0.002528663220080076 0.0017383604308935183
184 0.9958475666491471 0.0023342316172028973 0.0018182017336859885
185 0.9959600768302739 0.0021463763020122565 0.0018935468677485528
186 0.9960707982629018 0.0019653108162698803 0.0019638909208622626
187 0.9961799970324574 0.0017912400207197345 0.002028762946856417
188 0.9962879113273256 0.0016243596496317138 0.0020877290230739472
189 0.996394749041132 0.0014648558932630858 0.0021403950656360754
190 0.9965006856055317 0.0013129050101656134 0.002186409384331305
191 0.9966058620682895 0.0011686729710978256 0.0022254649606407
192 0.9967103834296985 0.0010323151361230642 0.002257301434204188
193 0.996814317248821 0.0009039759662850214 0.0022817067849204265
194 0.996917692529129 0.0007837887710555077 0.0022985186998433858
195 0.9970204988914066 0.0006718754925454205 0.002307625616078492
196 0.9971226860397967 0.0005683465272596857 0.0023089674329784425
197 0.9972241635249929 0.00047330058596302437 0.002302535889078417
198 0.9973248008066502 0.00038682459200597047 0.0022883746013797686
199 0.9974244276150201 0.00030899361824163153 0.0022665787667760827
200 0.9975228346099911 0.00023987086244444728 0.0022372945276007347
201 0.9976197743336639 0.0001795076609241466 0.002200718005448377
202 0.9977149624506578 0.0001279435398124549 0.002157094009568479
203 0.9978080792685148 8.520630328847006e-05 0.002106714428234247
204 0.9978987715286933 5.131215780212052e-05 0.0020499163135410917
205 0.9979866544568099 2.6265871155234372e-05 0.0019870796720716163
206 0.9980713140591604 1.0060965107654793e-05 0.0019186249757673106
207 0.9981523096508882 2.6799399927776984e-06 0.0018450104091566654
208 0.9982291765995857 4.0945296540346e-06 0.0017667288707956096
209 0.9983014292668181 1.4265984852272054e-05 0.0016843047483658708
210 0.9983685641285516 3.314538314471977e-05 0.0015982904883418828
211 0.9984300630544751 6.06739631002235e-05 0.0015092629824662244
212 0.9984853967249873 9.678348059350481e-05 0.0014178197944592636
213 0.9985340281638002 0.00014139658481415352 0.0013245752514232496
214 0.9985754163632274 0.00019442721153452796 0.0012301564252776072
215 0.9986090199786571 0.00025578099110529554 0.0011351990302745749
216 0.9986343010682605 0.0003253556685884509 0.0010403432631891866
217 0.9986507288534929 0.0004030415333956545 0.000946229613149946
218 0.9986577834759862 0.000488721855774861 0.0008534946682749707
219 0.9986549597262521 0.0005822733274806428 0.000762766946301446
220 0.9986417707198172 0.0006835665039732931 0.000674662776243289
221 0.9986177514967266 0.0007924662455187133 0.0005897822577845892
222 0.998582462520807 0.0009088321546049404 0.0005087053246164175
223 0.9985354930556193 0.001032519007151744 0.0004319879372551474
224 0.9984764643949134 0.0011633771750665931 0.00036015843004614764
225 0.9984050329261657 0.0013012530377926623 0.00029371403606267004
226 0.9983208930069544 0.0014459893806024052 0.00023311761246236774
227 0.998223779634934 0.0015974257775119337 0.0001787945875709466
228 0.99811347089366 0.0017553989568272119 0.00013113014953165624
229 0.9979897901577361 0.0019197431474810328 9.046669480051326e-05
230 0.9978526080424459 0.002090290404479669 5.710155308999262e-05
231 0.9977018440844845 0.0022668709119483947 3.128500357938824e-05
232 0.9975374681422355 0.002449313262444781 1.3218595329622321e-05
233 0.9973595015057349 0.002637444711396944 3.0537828760731786e-06
234 0.9971680177083508 0.002831091405718591 8.908859377201676e-07
235 0.9969631430340657 0.0030300785858538085 6.77838008764559e-06
236 0.9967450567162053 0.0032342307607093673 2.0712523092231668e-05
237 0.9965139908254103 0.003443371855140422 4.263731945801931e-05
238 0.9962702298465995 0.003657325329865172 7.244482354015308e-05
239 0.9960141099467346 0.003875914273894299 0.0001099757793787181
240 0.9957460179369839 0.004098961469769077 0.00015502059325320388
241 0.9954663899351041 0.0043262894321090435 0.00020732063279483242
242 0.9951757097354496 0.00455772042017198 0.0002665698443854773
243 0.9948745068961677 0.004793076425325916 0.0003324166785139414
244 0.9945633545547196 0.005032179134523959 0.00040446631076883317
245 0.9942428669847231 0.005274849871054581 0.00048228314423487965
246 0.9939136969087603 0.005520909514014365 0.0005653935772388453
247 0.9935765325832249 0.00577017839811332 0.0006532890186736844
248 0.9932320946729098 0.006022476195574801 0.0007454291315266172
249 0.9928811329342194 0.006277621782032375 0.000841245283758511
250 0.9925244227272212 0.006535433088452409 0.000940144184338091
251 0.9921627613777567 0.006795726941223146 0.0010415116810334674
252 0.9917969644118487 0.007058318892649957 0.0011447166955134516
253 0.9914278616854177 0.007323023044177074 0.001249115270418299
254 0.9910562934329608 0.007589651864723212 0.0013540547023305055
255 0.9906831062594305 0.007858016006567997 0.0014588777340147632
256 0.9903091490998511 0.008127924121258517 0.0015629267789068143
257 0.9899352691713819 0.008399182678020546 0.0016655481506154552
258 0.9895623079426958 0.008671595787158521 0.0017660962701623916
259 0.9891910971452904 0.008944965030908044 0.0018639378238205196
260 0.9888224548511293 0.00921908930416959 0.001958455844722764
261 0.9884571816406218 0.009493764667498544 0.002049053691897506
262 0.9880960568843175 0.009768784214657421 0.002135158901041167
263 0.9877398351609071 0.010043937956949868 0.002216226882158057
264 0.9873892428333813 0.010319012726454888 0.002291744440178446
265 0.9870449748040517 0.010593792100163028 0.0023612330958000015
266 0.9867076914680546 0.010868056346885317 0.0024242521850795086
267 0.9863780158836375 0.011141582398661712 0.0024804017177215967
268 0.9860565311762184 0.011414143848239005 0.002529324975561066
269 0.9857437781915914 0.011685510974018876 0.0025707108344041932
270 0.9854402534121411 0.011955450793699581 0.0026042957941725
271 0.9851464071481987 0.0122237271476447 0.002629865704167491
272 0.9848626420149591 0.0124901008128179 0.002647257172235362
273 0.9845893117034513 0.012754329647917185 0.0026563586486437357
274 0.9843267200523038 0.013016168770136859 0.002657111177574865
275 0.9840751204249638 0.013275370763768562 0.002649508811278694
276 0.9838347153952695 0.013531685920639733 0.002633598684099571
277 0.9836056567420597 0.013784862512170133 0.0026094807457801407
278 0.9833880457517644 0.014034647092608744 0.0025773071556385247
279 0.9831819338258145 0.014280784832799487 0.002537281341399044
280 0.9829873233877857 0.014523019883608946 0.002489656728615525
281 0.9828041690833174 0.014761095767942517 0.002434735148747808
282 0.9826323792639142 0.014994755800070108 0.0023728649360219515
283 0.9824718177440084 0.015223743530787827 0.002304438725209232
284 0.9823223058188663 0.015447803216752473 0.0022298909643862644
285 0.9821836245292811 0.0156666803121464 0.0021496951585749935
286 0.9820555171574415 0.01588012198066406 0.0020643608618959265
287 0.9819376919368606 0.016087877625651077 0.001974430437489338
288 0.9818298249579551 0.01628969943608603 0.001880475605956125
289 0.9817315632495988 0.01648534294596313 0.001783093804434799
290 0.981642528015829 0.01667456760451709 0.0016829043796520442
291 0.9815623180060093 0.016857137354632536 0.0015805446393565832
292 0.9814905129958422 0.017032821216694582 0.0014766657874604597
293 0.9814266773559595 0.017201393875068693 0.0013719287689637385
294 0.9813703636843232 0.017362636264347923 0.0012670000513225759
295 0.9813211164781876 0.01751633615247051 0.0011625473693331057
296 0.9812784758213509 0.017662288717795765 0.0010592354608417595
297 0.9812419810621125 0.017800297117226506 0.0009577218206552363
298 0.9812111744575939 0.017930173042487434 0.0008586524999096376
299 0.9811856047604197 0.018051737261704504 0.0007626579778691417
300 0.9811648307238452 0.018164820143485142 0.0006703491326619665
301 0.981148424502389 0.018269262160772775 0.000582313336828052
302 0.9811359749254002 0.018364914371835683 0.0004991107027529837
303 0.9811270906220338 0.018451638875855898 0.00042127050210153923
304 0.9811214029770369 0.0185293092407062 0.00034928778224764003
305 0.9811185688979258 0.01859781090063532 0.00028362020143314387
306 0.9811182733752766 0.018657041521734228 0.00022468510298336985
307 0.9811202318194001 0.018706911333219788 0.00017285684737208617
308 0.9811241921579763 0.018747343422742455 0.00012846441927244173
309 0.9811299366809096 0.018778273994116256 9.178932496376382e-05
310 0.98113728362033 0.018799652586062532 6.30637935986858e-05
311 0.9811460884553446 0.018811442250764733 4.246929388263391e-05
312 0.9811562449330602 0.0188136196912424 3.013537569094369e-05
313 0.9811676857991586 0.018806175356774237 2.613884406077183e-05
314 0.9811803832333175 0.01878911349581999 3.0503270859028426e-05
315 0.9811943489866233 0.01876245216611992 4.319884725747135e-05
316 0.9812096342201655 0.018726223201878757 6.414257795589393e-05
317 0.9812263290459327 0.0186804721381704 9.319881589807643e-05
318 0.9812445617730349 0.018625258092928556 0.0001301801340370162
319 0.981264497864346 0.01856065360711468 0.00017484852853997686
320 0.9812863386104272 0.018486744443877594 0.00022691694569406732
321 0.9813103195295723 0.018403629347735775 0.0002860511226930609
322 0.9813367085045027 0.01831141976502856 0.00035187173046942374
323 0.9813658036681272 0.01821023952707818 0.00042395680479498084
324 0.9813979310522697 0.018100224497710125 0.0005018444500218449
325 0.9814334420149662 0.01798152218695409 0.0005850357980840451
326 0.9814727104633312 0.0178542913329277 0.000672998203741
327 0.9815161298904107 0.017718701454062735 0.0007651686555272587
328 0.9815641102455274 0.01757493237398293 0.0008609573804881893
329 0.9816170746589862 0.017423173721475442 0.0009597516195380066
330 0.9816754560427021 0.017263624408115696 0.0010609195491821212
331 0.9817396935893844 0.017096492086210266 0.0011638143244076166
332 0.9818102291934293 0.016921992589806006 0.001267778216769798
333 0.981887503817319 0.016740349361585062 0.001372146821094036
334 0.9819719538277059 0.016551792868516636 0.001476253303774315
335 0.9820640073254355 0.016356560009171683 0.0015794326653864653
336 0.9821640804941247 0.0161548935156229 0.0016810259902456503
337 0.9822725739915161 0.015947041352851306 0.0017803846556258933
338 0.9823898694078086 0.015733256118563747 0.0018768744736231513
339 0.9825163258146251 0.015513794446285435 0.0019698797390806976
340 0.9826522764278429 0.01528891641454384 0.0020588071576043113
341 0.9827980254066377 0.015058884964882599 0.002143089628470413
342 0.9829538448104596 0.014823965331363815 0.002222189858168018
343 0.9831199717344725 0.01458442448410857 0.002295603781409193
344 0.9832966056429915 0.014340530589311182 0.00236286376768568
345 0.9834839059191247 0.01409255248802781 0.0024235415928327646
346 0.9836819896475069 0.013840759195895266 0.002477251156577927
347 0.983890929645514 0.013585419425776561 0.00252365092868924
348 0.984110752756734 0.013326801135160424 0.0025624461080890185
349 0.9843414384188769 0.013065171099959704 0.002593390481147826
350 0.9845829175165026 0.012800794516166872 0.002616287967313415
351 0.9848350715271232 0.012533934630623814 0.0026309938422433956
352 0.985097731967343 0.012264852401961948 0.0026374156306885436
353 0.9853706801439347 0.011993806192556265 0.0026355136635010704
354 0.9856536472125593 0.01172105149212548 0.002625301295305453
355 0.9859463145450394 0.011446840673392794 0.0026068447815547186
356 0.9862483144040939 0.01117142278000522 0.0025802628158884317
357 0.9865592309224012 0.01089504334669209 0.0025457257308954713
358 0.9868786013810101 0.010617944251426837 0.002503454367551482
359 0.987205917780106 0.010340363599145789 0.002453718620732727
360 0.987540628693324 0.010062535636367444 0.0023968356702932935
361 0.9878821413949186 0.009784690695853575 0.00233316790921435
362 0.9882298242474434 0.009507055170259758 0.0022631205822834
363 0.988583009335834 0.00922985151353372 0.002187139150622162
364 0.9889409953322043 0.008953298268643856 0.0021057063991443948
365 0.989303050574265 0.00867761012005215 0.002019339305676612
366 0.989668416338797 0.008402997969190886 0.0019285856920055282
367 0.9900363102904178 0.008129669031060108 0.0018340206785163143
368 0.9904059300847167 0.007857826949933033 0.0017362429653455566
369 0.9907764571038681 0.007587671932042633 0.001635870964085105
370 0.991147060301945 0.0073194008930222345 0.0015335388050300852
371 0.9915169001364472 0.007053207617790097 0.0014298922457597443
372 0.9918851325620293 0.0067892829304989875 0.001325584507469378
373 0.9922509130619445 0.006527814872122478 0.0012212720659302932
374 0.9926134006925398 0.006268988883214024 0.001117610424240062
375 0.9929717621160017 0.006012987989359161 0.0010152498946358777
376 0.9933251755965735 0.005759992986841393 0.0009148314165778156
377 0.9936728349358666 0.0055101826260597585 0.0008169824380678333
378 0.9940139533229714 0.005263733790270624 0.0007223128867552401
379 0.9943477670759288 0.005020821667278203 0.0006314112567932298
380 0.9946735392515792 0.004781619911766314 0.0005448408366572335
381 0.9949905631017345 0.004546300796046739 0.00046313610221998313
382 0.9952981653545948 0.0043150353471005974 0.0003867992983051836
383 0.9955957093013799 0.0040879934679018525 0.00031629723071941547
384 0.9958825976694625 0.0038653440411407 0.00025205828939770317
385 0.9961582752645974 0.003647255013605452 0.0001944697218010088
386 0.9964222313662889 0.003433893459635041 0.00014387517408363397
387 0.9966740018619714 0.0032254256222185307 0.00010057251581519123
388 0.9969131711073058 0.0030220169304921224 6.481196220705369e-05
389 0.9971393735015683 0.0028238319925681203 3.679450586856911e-05
390 0.9973522947690668 0.002631034562820448 1.667066811637995e-05
391 0.9975516729392586 0.0024437874829489475 4.539577793818315e-06
392 0.9977372990202149 0.002262252596347016 4.4838343988239126e-07
393 0.9979090173620041 0.002086590635503071 4.392002492422427e-06
394 0.998066725708595 0.001916961082374611 1.6313209031767848e-05
395 0.9982103749387364 0.001753522001883082 3.610305938317967e-05
396 0.9983399684984055 0.0015964298488865842 6.360165271332945e-05
397 0.9984555615292228 0.001445839249194413 9.859922159157562e-05
398 0.9985572596992641 0.0013019027553913675 0.0001408375453550976
399 0.9986452177445418 0.0011647705784389604 0.00019001167703171383
400 0.9987196377312537 0.001034590296214117 0.00024577197254890246
401 0.9987807670506805 0.0009115065403321165 0.00030772640900523666
402 0.9988288961603273 0.0007956606627783522 0.00037544317691373756
403 0.9988643560864215 0.0006871903840417306 0.0004484535295575381
404 0.9988875157044799 0.0005862294245999071 0.0005262548709382973
405 0.9988987788160109 0.0004929071217523891 0.0006083140622574094
406 0.9988985810406306 0.0004073480339303291 0.0006940709254596314
407 0.9988873865441876 0.0003296715347312521 0.0007829419210968281
408 0.9988656846243409 0.00025999139903167104 0.0008743239766448505
409 0.9988339861759633 0.00019841538362023095 0.0009675984404359804
410 0.9987928200595922 0.0001450448048679062 0.0010621351355593733
411 0.9987427293965703 9.997411600925181e-05 0.0011572964874376557
412 0.998684267815055 6.329048664959784e-05 0.0012524416983133815
413 0.9986179956713022 3.5073387136896875e-05 0.001346930941577726
414 0.9985444762708237 1.539418044354413e-05 0.001440129548747083
415 0.9984642721138821 4.315724192866632e-06 0.0015314121619424827
416 0.9983779411896316 1.8919854370961385e-06 0.001620166824951235
417 0.9982860333429225 8.16767074866229e-06 0.0017057989863487025
418 0.9981890867371673 2.3177874124853215e-05 0.001787735388727776
419 0.9980876244360678 4.694774512762619e-05 0.0018654278188213339
420 0.9979821511262257 7.949217958610493e-05 0.0019383566942032025
421 0.997873150001626 0.00012081553507964888 0.0020060344633106037
422 0.9977610798299833 0.00017091137329499292 0.0020680087967391366
423 0.9976463722196924 0.00022976223121263384 0.002123865549111197
424 0.9975294291047875 0.00029733942292621866 0.0021732314723029817
425 0.9974106204638542 0.0003736028737351281 0.0022157766624235744
426 0.9972902822873764 0.0004585009879758259 0.0022512167246612025
427 0.9971687148062081 0.0005519705518728641 0.0022793146419368597
428 0.9970461809923046 0.0006539366724969645 0.0022998823352208394
429 0.9969229053409445 0.0007643127537165348 0.002312781905361925
430 0.9967990729418633 0.0008830005098215138 0.0023179265483390422
431 0.996674828844781 0.0010098900172861292 0.0023152811379569286
432 0.9965502777229406 0.0011448598049209578 0.0023048624721586537
433 0.9964254838362718 0.001287776982446387 0.0022867391813038034
434 0.9963004712937729 0.001438497407300403 0.0022610312989472196
435 0.9961752246129064 0.0015968658892747882 0.0022279094978371293
436 0.9960496895716435 0.0017627164323570717 0.002187593996016983
437 0.9959237743470266 0.0019358725129420538 0.002140353140050207
438 0.9957973509321777 0.0021161473933678314 0.0020865016744763473
439 0.9956702568218544 0.0023033444695283985 0.002026398708637864
440 0.9955422969549284 0.002497257651119337 0.001960445393975926
441 0.9954132459003738 0.0026976717728859267 0.0018890823267681818
442 0.9952828502719031 0.002904363035066071 0.0018127866930593792
443 0.9951508313547668 0.0031170994710534427 0.0017320691742062837
444 0.9950168879268632 0.00333564144015239 0.0016474706330092297
445 0.994880699255046 0.0035597421431540544 0.0015595586018253265
446 0.9947419282463449 0.003789148158335709 0.0014689235953431092
447 0.9946002247328123 0.004023599995372304 0.00137617527183636
448 0.9944552288677697 0.004262832664551236 0.0012819384676997004
449 0.9943065746105262 0.004506576258600095 0.0011868491308929634
450 0.994153893276071 0.004754556544371236 0.0010915501795808178
451 0.993996817125703 0.005006495561579922 0.0009966873127434832
452 0.993834982974417 0.0052621122257608035 0.0009029047998514683
453 0.9936680357906003 0.00552112293259423 0.0008108412768391329
454 0.9934956322636984 0.005783242160758855 0.0007211255755780157
455 0.9933174443157057 0.006048183070486386 0.000634372613841637
456 0.993133162532629 0.006315658095035873 0.00055117937236976
457 0.992942499492592 0.006585379522359025 0.0004721209850846609
458 0.9927451929679458 0.006857060064301295 0.0003977469677883457
459 0.9925410089794762 0.00713041341077323 0.0003285776097824151
460 0.9923297446817937 0.007405154766430336 0.00026510055180716473
461 0.9921112310600136 0.007681001367520186 0.00020776757250028647
462 0.9918853354191097 0.007957672976689653 0.00015699160423583773
463 0.9916519636486123 0.008234892353691932 0.00011314399772965536
464 0.9914110622467432 0.008512385700094209 7.655205319754406e-05
465 0.991162620089641 0.008789883076256647 4.749683413774836e-05
466 0.9909066699330076 0.009067118789036792 2.6211277990379458e-05
467 0.9906432896351525 0.009343831748862698 1.2878616015408215e-05
468 0.9903726030922744 0.00961976579501867 7.631112739818691e-06
469 0.9900947808785767 0.009894669988190764 1.0549133266400579e-05
470 0.9898100405858721 0.01016829886953279 2.166054462468328e-05
471 0.9895186468591153 0.01044041268572543 4.094045519231582e-05
472 0.9892209111262799 0.010710777579720426 6.831129403662535e-05
473 0.9889171910231258 0.010979165747079753 0.00010364322983520365
474 0.9886078895151584 0.011245355558037797 0.0001467549268452787
475 0.9882934537211889 0.011509131645631419 0.00019741463321847085
476 0.9879743734447631 0.011770284960457235 0.00025534159481426736
477 0.9876511794216402 0.01202861279282315 0.0003202077855660794
478 0.9873244412933518 0.012283918763266358 0.000391639943411506
479 0.986994765318595 0.012536012782606232 0.00046922189882668433
480 0.9866627918360212 0.012784710982887963 0.0005524971811159708
481 0.9863291924934593 0.013029835620752796 0.0006409718858150454
482 0.9859946672602137 0.013271214954937978 0.0007341177848791048
483 0.9856599412405054 0.013508683099765518 0.0008313756597592917
484 0.9853257613073783 0.013742079856624798 0.0009321588360300023
485 0.9849928925775211 0.013971250525580266 0.0010358568969261771
486 0.9846621147486827 0.014196045699354912 0.0011418395519919486
487 0.9843342183219508 0.014416321042036917 0.0012494606360373998
488 0.9840100007323256 0.014631937054944184 0.001358062212755035
489 0.9836902624112103 0.01484275883214728 0.0014669787566675401
490 0.9833758028052533 0.015048655808203353 0.001575541386567879
491 0.9830674163760607 0.015249501500687726 0.001683082123274742
492 0.9827658886055349 0.015445173250125649 0.0017889381443638797
493 0.9824719920315459 0.015635551959926157 0.0018924560085483541
494 0.982186482338547 0.01582052183890212 0.0019929958225704167
495 0.9819100945272691 0.01599997014892287 0.002089935323831099
496 0.9816435391873086 0.01617378696019605 0.0021826738525199253
497 0.9813874988957074 0.016341864916602437 0.0022706361877124514
498 0.9811426247638254 0.016504099013423694 0.002353276222772575
499 0.9809095331538983 0.01666038638970034 0.0024300804564255673
500 0.9806888025856346 0.016810626137340773 0.002500571277047962
501 0.9804809708520078 0.016954719128971053 0.00256431001904598
502 0.9802865323619988 0.017092567866370763 0.0026208997716557735
503 0.9801059357267553 0.017224076351182276 0.002669987922086676
504 0.9799395816039801 0.017349149979413503 0.0027112684166334814
505 0.9797878208137577 0.01746769546107443 0.0027444837251939637
506 0.9796509527373902 0.017579620766100035 0.0027694264965318384
507 0.9795292240088939 0.01768483509751384 0.002785940893611326
508 0.9794228275070478 0.017783248892587467 0.002793923600383383
509 0.9793319016539646 0.01787477385253911 0.002793324493514761
510 0.9792565300242133 0.017959323001103315 0.002784146974702159
511 0.9791967412665312 0.018036810772090187 0.0027664479613950126
512 0.9791525093382389 0.018107153125832182 0.00274033753594414
513 0.97912375405042 0.018170267694205412 0.0027059782553886715
514 0.9791103419200502 0.018226073953693148 0.002663584126273234
515 0.9791120873232295 0.018274493425750202 0.002613419251040332
516 0.9791287539418496 0.018315449903517814 0.0025557961546523113
517 0.9791600564941295 0.018348869703738814 0.0024910738021524633
518 0.9792056627376342 0.01837468194252489 0.002419655319859843
519 0.9792651957317746 0.01839281883344527 0.0023419854347971805
520 0.9793382363450309 0.018403216006225437 0.0022585476487609227
521 0.9794243259906892 0.01840581284418078 0.002169861165147148
522 0.9795229695734278 0.018400552838353974 0.0020764775882356223
523 0.9796336386277366 0.018387383956185024 0.001978977416094979
524 0.9797557746280048 0.018366259022410545 0.0018779663495980703
525 0.9798887924490152 0.018337136109781587 0.001774071441216349
526 0.9800320839546314 0.018299978937085494 0.0016679371082907973
527 0.9801850216917816 0.018254757271877718 0.0015602210363462935
528 0.980346962666016 0.018201447335264572 0.001451589998721121
529 0.980517252174657 0.018140032206025596 0.001342715619319065
530 0.9806952276730085 0.018070502221338363 0.001234270105655231
531 0.9808802226490965 0.017992855371347916 0.0011269219795549195
532 0.9810715704822861 0.017907097684833815 0.0010213318328777267
533 0.98126860826128 0.017813243603243746 0.0009181481354753381
534 0.9814706805373395 0.01771131634040464 0.0008180031222529495
535 0.9816771429890301 0.01760134822527803 0.0007215087856927774
536 0.9818873659752821 0.017483381025199547 0.000629252999517205
537 0.9821007379545427 0.01735746624713214 0.0005417957983228734
538 0.9823166687484145 0.017223665414570093 0.00045966583701124606
539 0.982534592629466 0.01708205031785051 0.00038335705268211916
540 0.9827539712138825 0.016932703235766025 0.0003133255503516831
541 0.982974296141061 0.016775717126521785 0.0002499867324146315
542 0.9831950915235538 0.01661119578624335 0.00019371269019965393
543 0.9834159161523031 0.01643925397341522 0.00014482987427947696
544 0.9836363654437787 0.016260017497816494 0.00010361705840153579
545 0.983856073117267 0.016073623272713153 7.030361001468336e-05
546 0.984074712592329 0.015880219329271993 4.5068078393446136e-05
547 0.9842919980983094 0.01567996479236899 2.803710931684106e-05
548 0.9845076854896571 0.01547302981718332 1.9284693156864257e-05
549 0.9847215727627244 0.01525959548618721 1.883175108601407e-05
550 0.9849335002716947 0.015039853666365505 2.664606193741175e-05
551 0.9851433506432151 0.014814006826724782 4.2642530059270296e-05
552 0.98535104839131 0.014582267816376705 6.668379231175119e-05
553 0.9855565592361233 0.014344859603703297 9.858116017276143e-05
554 0.9857598891318968 0.01410201497733679 0.00013809589076403832
555 0.9859610830116037 0.013853976209899558 0.00018494077849383401
556 0.9861602232573807 0.013600994685666036 0.00023878205695124476
557 0.9863574279077932 0.01334333049351144 0.0002992415986930336
558 0.9865528486146367 0.013081251986710828 0.000365899398649493
559 0.986746668363604 0.012815035311339009 0.0004382963250538207
560 0.9869390989747084 0.01254496390520195 0.0005159371200813308
561 0.9871303783998131 0.012271327969393711 0.0005982936307817679
562 0.9873207678358482 0.011994423914729503 0.000684808249410134
563 0.9875105486736265 0.011714553785443216 0.0007748975409186082
564 0.9877000193031524 0.011432024662666102 0.0008679560341725732
565 0.9878894917972701 0.011147148050311315 0.0009633601524056058
566 0.9880792884963595 0.010860239246086527 0.001060472257537881
567 0.9882697385172982 0.010571616700432971 0.0011586447822558483
568 0.98846117421054 0.01028160136625213 0.0012572244231926753
569 0.9886539275895005 0.009990516042324829 0.0013555563681624785
570 0.9888483267564437 0.009698684713354512 0.0014529885301893914
571 0.9890446923493691 0.009406431889574993 0.0015488757610361043
572 0.9892433340340506 0.009114081948854935 0.0016425840170761078
573 0.989444547065111 0.008821958484203888 0.0017334944506686356
574 0.9896486089397578 0.008530383659542002 0.0018210074006827209
575 0.9898557761669764 0.008239677576533523 0.0019045462564743288
576 0.9900662811743359 0.00795015765520716 0.001983561170443459
577 0.9902803293737138 0.007662138030992054 0.0020575325952812812
578 0.9904980964061447 0.007375928970688729 0.0021259746231545537
579 0.9907197255848594 0.007091836309770377 0.0021884381053579515
580 0.990945325554332 0.006810160913269684 0.0022445135323872186
581 0.9911749681816997 0.0065311981623576675 0.0022938336559363195
582 0.9914086866954469 0.006255237468554434 0.002336075835992333
583 0.9916464740846732 0.005982561817338134 0.0023709640979796363
584 0.9918882817704748 0.0057134473427341214 0.0023982708867800787
585 0.9921340185593029 0.005448162934270849 0.0024178185064153103
586 0.9923835498862881 0.005186969877490191 0.0024294802362094365
587 0.9926366973546543 0.00493012152899041 0.0024331811163402933
588 0.9928932385753906 0.004677863026769187 0.0024288983978242714
589 0.9931529073094201 0.004430431036417634 0.002416661654146623
590 0.9934153939125503 0.004188053533498661 0.002396552553935193
591 0.9936803460814956 0.003950949622223994 0.0023687042962638174
592 0.9939473698973039 0.003719329390326867 0.0023333007123503974
593 0.9942160311606061 0.003493393799810634 0.0022905750395681226
594 0.9944858570111408 0.0032733346130420825 0.002240808375803785
595 0.9947563378222772 0.0030593343534494606 0.002184327824260003
596 0.9950269293593083 0.0028515662998849175 0.00212150434079582
597 0.9952970551886525 0.0026501945135157007 0.0020527502978197297
598 0.9955661093234877 0.002455373895923994 0.00197851678057725
599 0.9958334590896702 0.0022672502769190486 0.0018992906334018575
600 0.9960984481944788 0.0020859605304005295 0.0018155912751099852
601 0.9963603999793196 0.001911632716459578 0.0017279673042096774
602 0.9966186208362772 0.001744386247763789 0.0016369929159469631
603 0.9968724037674129 0.001584332078146474 0.001543264154426652
604 0.9971210320646733 0.0014315729112091716 0.0014473950241063798
605 0.9973637830874731 0.0012862034266498126 0.0013500134858682525
606 0.9975999321144298 0.001148310521948962 0.0012517573636144069
607 0.9978287562451029 0.0010179735669822193 0.0011532701879080904
608 0.9980495383273299 0.0008952646690797519 0.001055197003584911
