0 1.0 0.0 0.0
1 0.9999999199990774 4.000072923105834e-08 4.0000209210227216e-08
2 0.9999996799990821 1.6000275051293824e-07 1.5999823041469782e-07
3 0.9999992800083325 3.6000556459939043e-07 3.5998624450411046e-07
4 0.9999987200406919 6.400083393721212e-07 6.399512201940566e-07
5 0.9999980001155685 1.0000099097789783e-06 9.998749148716242e-07
6 0.9999971202579122 1.4400087777474189e-06 1.439733875780566e-06
7 0.9999960804982161 1.960003112073266e-06 1.959499441544952e-06
8 0.9999948808725123 2.559990748284762e-06 2.559137744031217e-06
9 0.9999935214223715 3.2399691884819363e-06 3.2386097105484717e-06
10 0.9999920021949001 3.999935601151289e-06 3.997871066386944e-06
11 0.9999903232427368 4.839886820955821e-06 4.836872337694382e-06
12 0.999988484624051 5.759819348500408e-06 5.755558854690226e-06
13 0.9999864864025377 6.75972935007257e-06 6.7538707552173585e-06
14 0.9999843286474166 7.83961265735862e-06 7.831742988631186e-06
15 0.999982011433425 8.99946476713523e-06 8.989105320025809e-06
16 0.9999795348408161 1.0239280840936479e-05 1.0225882334797007e-05
17 0.9999768989553531 1.1559055704696324e-05 1.1541993443541737e-05
18 0.9999741038683051 1.2958783848366621e-05 1.293735288729383e-05
19 0.999971149676441 1.443845942551066e-05 1.4411869743095567e-05
20 0.9999680364820248 1.599807625287227e-05 1.596544792990473e-05
21 0.9999647643928096 1.7637627809920543e-05 1.7597986214836783e-05
22 0.9999613335220319 1.935710723837019e-05 1.9309378219741778e-05
23 0.9999577439884043 2.1156507341677596e-05 2.1099512428115544e-05
24 0.9999539959161095 2.3035820584512573e-05 2.2968272192344714e-05
25 0.9999500894347928 2.4995039092205947e-05 2.491553574128511e-05
26 0.9999460246795558 2.7034154650172885e-05 2.694117618817307e-05
27 0.9999418017909469 2.9153158703312116e-05 2.9045061538869046e-05
28 0.9999374209149553 3.135204235538113e-05 3.1227054700433146e-05
29 0.9999328822030015 3.3630796368347245e-05 3.3487013490031886e-05
30 0.9999281858119287 3.598941116171475e-05 3.5824790644175694e-05
31 0.9999233319039953 3.842787681182814e-05 3.824023382828648e-05
32 0.9999183206468637 4.094618305115149e-05 4.073318564659469e-05
33 0.9999131522135933 4.354431926752394e-05 4.330348365236529e-05
34 0.9999078267826278 4.622227450339159e-05 4.595096035845184e-05
35 0.9999023445377873 4.898003745501558e-05 4.867544324817816e-05
36 0.9998967056682573 5.181759647165666e-05 5.147675478654667e-05
37 0.9998909103685774 5.473493955473616e-05 5.435471243177296e-05
38 0.9998849588386317 5.773205435697351e-05 5.730912864714555e-05
39 0.9998788512836356 6.08089281815004e-05 6.033981091321029e-05
40 0.9998725879141258 6.396554798095155e-05 6.344656174027859e-05
41 0.9998661689459479 6.720190035653225e-05 6.662917868125835e-05
42 0.9998595946002441 7.051797155706278e-05 6.988745434480741e-05
43 0.9998528651034403 7.391374747799973e-05 7.322117640880794e-05
44 0.9998459806872342 7.738921366043423e-05 7.663012763416145e-05
45 0.9998389415885814 8.094435529006743e-05 8.011408587890323e-05
46 0.9998317480496826 8.457915719616286e-05 8.367282411263532e-05
47 0.9998244003179697 8.82936038504764e-05 8.73061104312773e-05
48 0.9998168986460919 9.208767936616334e-05 9.101370807213388e-05
49 0.999809243291901 9.596136749666297e-05 9.479537542927769e-05
50 0.9998014345184372 9.991465163456058e-05 9.865086606924764e-05
51 0.9997934725939146 0.00010394751481042733 0.0001025799287470603
52 0.9997853577917055 0.00010805993969163766 0.00010658230742253426
53 0.9997770903903249 0.00011225190858116447 0.00011065774127692615
54 0.9997686706734153 0.0001165234034163523 0.00011480596472987716
55 0.999760098929731 0.00012087440576766863 0.00011902670745666906
56 0.9997513754531195 0.00012530489683743333 0.00012331969440578853
57 0.9997425005425087 0.00012981485745852607 0.00012768464581679856
58 0.9997334745018867 0.00013440426809307218 0.00013212127723851631
59 0.9997242976402865 0.00013907310883110724 0.00013662929954749535
60 0.9997149702717679 0.00014382135938921997 0.000141208418966812
61 0.9997054927153997 0.00014864899910917395 0.00014585833708515367
62 0.9996958652952421 0.0001535560069565079 0.00015057875087620904
63 0.9996860883403283 0.00015854236151911528 0.00015536935271835765
64 0.9996761621846462 0.00016360804100580241 0.00016022983041465838
65 0.9996660871671181 0.00016875302324482626 0.00016515986721313565
66 0.9996558636315841 0.00017397728568241153 0.00017015914182736102
67 0.9996454919267811 0.00017928080538124626 0.00017522732845733023
68 0.9996349724063228 0.00018466355901895838 0.00018036409681063337
69 0.9996243054286811 0.00019012552288657082 0.0001855691121239171
70 0.9996134913571653 0.0001956666728869367 0.00019084203518463712
71 0.999602530559901 0.00020128698453315486 0.00019618252235310105
72 0.9995914234098107 0.00020698643294696475 0.00020159022558479759
73 0.9995801702845915 0.00021276499285712233 0.0002070647924530133
74 0.9995687715666945 0.0002186226385977556 0.00021260586617173364
75 0.9995572276433037 0.00022455934410670108 0.00021821308561882744
76 0.9995455389063136 0.00023057508292382054 0.0002238860853595137
77 0.9995337057523064 0.00023666982818929878 0.00022962449567010844
78 0.9995217285825317 0.00024284355264192234 0.00023542794256205054
79 0.9995096078028821 0.00024909622861733906 0.0002412960478062047
80 0.9994973438238717 0.00025542782804629876 0.0002472284289574406
81 0.9994849370606117 0.0002618383224528756 0.0002532246993794857
82 0.9994723879327885 0.0002683276829526721 0.000259284468270051
83 0.9994596968646386 0.0002748958802510039 0.00026540734068622744
84 0.9994468642849266 0.00028154288464106735 0.000271592917570151
85 0.9994338906269195 0.00028826866600208844 0.0002778407957749376
86 0.9994207763283623 0.000295073193797454 0.000284150568090881
87 0.9994075218314554 0.0003019564370728261 0.00029052182327191664
88 0.9993941275828278 0.00030891836445423636 0.00029695414606234797
89 0.9993805940335124 0.00031595894414616677 0.00030344711722383327
90 0.9993669216389217 0.0003230781439296088 0.00031000031356263126
91 0.999353110858821 0.00033027593116010935 0.00031661330795710436
92 0.9993391621573031 0.00033755227276579755 0.0003232856693854778
93 0.9993250760027631 0.0003449071352453956 0.0003300169629538511
94 0.9993108528678706 0.0003523404846662127 0.0003368067499244633
95 0.9992964932295442 0.0003598522866621232 0.00034365458774420675
96 0.9992819975689242 0.00036744250643152795 0.0003505600300733898
97 0.9992673663713474 0.0003751111087352998 0.00035752262681474533
98 0.9992526001263167 0.0003828580578947129 0.00036454192414268514
99 0.9992376993274765 0.0003906833177893577 0.00037161746453279475
100 0.9992226644725837 0.0003985868518550385 0.00037874878679157074
101 0.999207496063481 0.0004065686230816572 0.00038593542608639616
102 0.9991921946060675 0.00041462859401108067 0.0003931769139757525
103 0.9991767606102702 0.00042276672673499487 0.00040047277843966654
104 0.9991611945900176 0.000430982982892742 0.00040782254391039086
105 0.9991454970632085 0.00043927732366914505 0.00041522573130331475
106 0.9991296685516851 0.00044764970979231677 0.0004226818580481031
107 0.9991137095812019 0.0004561001015314553 0.0004301904381200637
108 0.999097620681398 0.0004646284586946242 0.00043775098207173864
109 0.9990814023857661 0.00047323474062652116 0.00044536299706471886
110 0.9990650552316247 0.0004819189062062305 0.0004530259869016784
111 0.9990485797600857 0.0004906809138449642 0.0004607394520586291
112 0.9990319765160256 0.0004995207214837883 0.00046850288971738986
113 0.9990152460480552 0.0005084382865913374 0.0004763157937982721
114 0.9989983889084879 0.0005174335661615154 0.0004841776549929775
115 0.9989814056533108 0.0005265065167111841 0.0004920879607977038
116 0.9989642968421513 0.0005356570942778394 0.0005000461955464617
117 0.9989470630382484 0.0005448852544172745 0.0005080518404445954
118 0.998929704808419 0.0005541909522012328 0.0005161043736025083
119 0.9989122227230285 0.0005635741422150464 0.0005242032700695902
120 0.9988946173559565 0.0005730347785552657 0.0005323480018683419
121 0.9988768892845683 0.0005825728148272748 0.0005405380380287008
122 0.9988590390896792 0.0005921882041428999 0.0005487728446225569
123 0.9988410673555244 0.0006018808991180004 0.0005570518847984658
124 0.9988229746697259 0.000611650851870055 0.0005653746188165488
125 0.9988047616232598 0.0006214980140157352 0.000573740504083584
126 0.9987864288104242 0.0006314223366684672 0.0005821489951882803
127 0.998767976828804 0.0006414237704359849 0.0005905995439367386
128 0.9987494062792408 0.0006515022654178734 0.0005990915993880909
129 0.9987307177657968 0.0006616577712031013 0.000607624607890321
130 0.9987119118957233 0.0006718902368675453 0.0006161980131162613
131 0.9986929892794254 0.0006821996109715031 0.0006248112560997628
132 0.9986739505304301 0.0006925858415572008 0.0006334637752720385
133 0.9986547962653495 0.0007030488761462872 0.0006421550064981764
134 0.99863552710385 0.0007135886617373225 0.0006508843831138198
135 0.9986161436686143 0.0007242051448032588 0.0006596513359620112
136 0.9985966465853107 0.0007348982712889092 0.0006684552934302009
137 0.9985770364825555 0.0007456679866084124 0.0006772956814874154
138 0.9985573139918795 0.0007565142356426883 0.0006861719237215813
139 0.9985374797476929 0.0007674369627368856 0.0006950834413770081
140 0.9985175343872508 0.0007784361116978231 0.0007040296533920205
141 0.9984974785506163 0.0007895116257914223 0.0007130099764367451
142 0.9984773128806275 0.0008006634477401358 0.0007220238249510406
143 0.9984570380228598 0.0008118915197203665 0.0007310706111825769
144 0.9984366546255918 0.0008231957833598819 0.0007401497452250573
145 0.9984161633397683 0.0008345761797352224 0.0007492606350565789
146 0.9983955648189659 0.0008460326493691024 0.0007584026865781342
147 0.9983748597193549 0.0008575651322278065 0.0007675753036522459
148 0.9983540486996659 0.0008691735677185813 0.0007767778881417358
149 0.9983331324211508 0.000880857894687021 0.0007860098399486264
150 0.9983121115475482 0.0008926180514144461 0.0007952705570531659
151 0.9982909867450457 0.0009044539756152821 0.0008045594355529844
152 0.998269758682244 0.0009163656044344293 0.0008138758697023689
153 0.99824842803012 0.0009283528744446297 0.000823219251951661
154 0.99822699546199 0.0009404157216438319 0.0008325889729867725
155 0.9982054616534718 0.0009525540814525489 0.0008419844217688148
156 0.9981838272824494 0.0009647678887112138 0.0008514049855738444
157 0.998162093029034 0.0009770570776775347 0.0008608500500327147
158 0.998140259575528 0.0009894215820238411 0.0008703189991710384
159 0.998118327606386 0.001001861334834433 0.0008798112154492552
160 0.9980962978081797 0.0010143762686029242 0.0008893260798027989
161 0.9980741708695576 0.0010269663152295831 0.0008988629716823694
162 0.9980519474812093 0.001039631406018675 0.0009084212690942963
163 0.998029628335827 0.001052371471675797 0.0009180003486410018
164 0.9980072141280675 0.001065186442305216 0.0009275995855615546
165 0.997984705554514 0.0010780762474072033 0.0009372183537723112
166 0.9979621033136388 0.0010910408158753687 0.000946856025907647
167 0.9979394081057642 0.0011040800759939925 0.0009565119733607689
168 0.9979166206330257 0.0011171939554353585 0.0009661855663246116
169 0.9978937415993316 0.0011303823812570865 0.0009758761738328124
170 0.9978707717103266 0.0011436452798994625 0.0009855831638007609
171 0.9978477116733522 0.0011569825771827723 0.0009953059030667238
172 0.9978245621974088 0.0011703941983046326 0.0010050437574330396
173 0.9978013239931165 0.001183880067837325 0.0010147960917073833
174 0.9977779977726771 0.0011974401097251284 0.0010245622697440937
175 0.9977545842498347 0.0012110742472816556 0.001034341654485567
176 0.9977310841398369 0.001224782403187188 0.0010441336080037078
177 0.9977074981593974 0.0012385644994860141 0.0010539374915414408
178 0.9976838270266547 0.0012524204575837697 0.0010637526655542726
179 0.9976600714611356 0.001266350198244779 0.0010735784897519115
180 0.9976362321837136 0.0012803536415893983 0.001083414323139932
181 0.997612309916573 0.0012944307070913647 0.0010932595240614894
182 0.9975883053831668 0.0013085813135751444 0.0011031134502390743
183 0.9975642193081786 0.0013228053792132852 0.0011129754588163152
184 0.997540052417485 0.0013371028215237732 0.001122844906399812
185 0.9975158054381135 0.0013514735573673922 0.001132721149101012
186 0.9974914790982057 0.001365917502945089 0.0011426035425781155
187 0.9974670741269759 0.0013804345737953377 0.0011524914420780116
188 0.997442591254674 0.001395024684791515 0.001162384202478245
189 0.997418031212545 0.0014096877501392749 0.0011722811783290046
190 0.9973933947327881 0.0014244236833739318 0.0011821817238951379
191 0.9973686825485204 0.001439232397357846 0.0011920851931981793
192 0.9973438953937354 0.0014541138042778164 0.0012019909400584027
193 0.9973190340032632 0.001469067815642477 0.001211898318136883
194 0.9972940991127328 0.0014840943422797033 0.001221806680977571
195 0.997269091458531 0.0014991932943340185 0.0012317153820493771
196 0.997244011777764 0.0015143645812640116 0.00124162377478826
197 0.9972188608082166 0.0015296081118397606 0.0012515312126393215
198 0.9971936392883142 0.0015449237941402604 0.0012614370490988962
199 0.9971683479570821 0.0015603115355508602 0.0012713406377566462
200 0.9971429875541069 0.0015757712427607084 0.0012812413323376468
201 0.9971175588194955 0.0015913028217602026 0.0012911384867444636
202 0.9970920624938377 0.0016069061778384518 0.0013010314550992229
203 0.9970664993181647 0.0016225812155807409 0.0013109195917856663
204 0.997040870033911 0.0016383278388660096 0.0013208022514911897
205 0.9970151753828734 0.0016541459508643372 0.0013306787892488651
206 0.9969894161071734 0.0016700354540344331 0.001340548560479442
207 0.996963592949216 0.0016859962501211442 0.0013504109210333202
208 0.9969377066516513 0.0017020282401529626 0.0013602652272325022
209 0.9969117579573348 0.0017181313244395502 0.0013701108359125114
210 0.9968857476092876 0.0017343054025692722 0.0013799471044642802
211 0.9968596763506578 0.0017505503734067324 0.001389773390876004
212 0.9968335449246795 0.0017668661350903347 0.001399589053774956
213 0.9968073540746362 0.0017832525850298368 0.0014093934524692627
214 0.9967811045438184 0.0017997096199039318 0.0014191859469896357
215 0.996754797075487 0.0018162371356578268 0.0014289658981310603
216 0.9967284324128323 0.0018328350275008437 0.001438732667494432
217 0.996702011298935 0.0018495031899040254 0.0014484856175281452
218 0.9966755344767282 0.0018662415165977557 0.0014582241115696257
219 0.9966490026889573 0.001883049900569392 0.0014679475138868088
220 0.996622416678141 0.0018999282340609069 0.0014776551897195585
221 0.996595777186532 0.0019168764085665505 0.001487346505321021
222 0.9965690849560797 0.0019338943148305132 0.001497020827998919
223 0.9965423407283892 0.0019509818428446156 0.0015066775261567754
224 0.9965155452446833 0.001968138881846 0.00151631596933507
225 0.996488699245764 0.001985365320314842 0.0015259355282523184
226 0.9964618034719732 0.0020026610459720744 0.0015355355748460824
227 0.9964348586631551 0.002020025945777124 0.0015451154823138986
228 0.9964078655586155 0.002037459905925664 0.0015546746251541266
229 0.996380824897086 0.002054962811847382 0.0015642123792067165
230 0.9963537374166838 0.00207253454820376 0.001573728121693888
231 0.9963266038548727 0.0020901749988858696 0.0015832212312607216
232 0.9962994249484265 0.0021078840470121875 0.0015926910880156595
233 0.9962722014333902 0.00212566157492642 0.0016021370735709167
234 0.9962449340450411 0.002143507464195346 0.001611558571082784
235 0.9962176235178519 0.0021614215956066783 0.0016209549652918477
236 0.9961902705854512 0.0021794038491669363 0.0016303256425630962
237 0.9961628759805873 0.0021974541040993387 0.0016396699909259256
238 0.9961354404350894 0.002215572238841713 0.001648987400114043
239 0.9961079646798298 0.0022337581310444207 0.0016582772616052536
240 0.9960804494446865 0.0022520116575682966 0.0016675389686611418
241 0.9960528954585064 0.002270332694482613 0.001676771916366633
242 0.9960253034490664 0.002288721117063056 0.0016859755016694427
243 0.9959976741430374 0.002307176799789721 0.0016951491234194044
244 0.9959700082659462 0.0023256996163451248 0.001704292182407674
245 0.995942306542139 0.0023442894396122405 0.0017134040814058109
246 0.9959145696947438 0.002362946141672544 0.0017224842252047325
247 0.9958867984456343 0.0023816695938040865 0.00173153202065354
248 0.9958589935153921 0.002400459666479583 0.0017405468766982055
249 0.9958311556232715 0.002419316229364517 0.0017495282044201349
250 0.9958032854871611 0.00243823915131527 0.0017584754170745836
251 0.9957753838235486 0.002457228300377266 0.0017673879301289396
252 0.9957474513474845 0.002476283543783143 0.001776265161300859
253 0.9957194887725455 0.002495404747950932 0.0017851065305962632
254 0.9956914968107984 0.0025145917784822718 0.0017939114603471818
255 0.9956634761727644 0.0025338445001606303 0.0018026793752494517
256 0.9956354275673833 0.002553162776949558 0.0018114097024002588
257 0.9956073517019783 0.002572546471990954 0.0018201018713355334
258 0.9955792492822193 0.002591995447603359 0.0018287553140671773
259 0.995551121012088 0.0026115095652802676 0.001837369465120144
260 0.995522967593844 0.0026310886856884576 0.0018459437615693465
261 0.9954947897279871 0.0026507326686663543 0.0018544776430764092
262 0.9954665881132253 0.0026704413732223996 0.0018629705519262458
263 0.9954383634464365 0.002690214657533458 0.0018714219330634757
264 0.995410116422638 0.002710052378943236 0.0018798312341286637
265 0.9953818477349483 0.0027299543939607283 0.0018881979054943912
266 0.995353558074555 0.002749920558258689 0.0018965214003011442
267 0.9953252481306791 0.0027699507266721185 0.0019048011744930283
268 0.9952969185905423 0.00279004475319678 0.0019130366868533076
269 0.995268570139332 0.0028102024909877382 0.0019212273990397476
270 0.9952402034601688 0.0028304237923579235 0.0019293727756197845
271 0.9952118192340716 0.002850708508776715 0.0019374722841055043
272 0.9951834181399247 0.0028710564908685514 0.001945525394988428
273 0.9951550008544452 0.002891467588411566 0.001953531581774113
274 0.9951265680521487 0.002911941650336245 0.0019614903210165477
275 0.9950981204053178 0.0029324785247241136 0.001969401092352366
276 0.9950696585839682 0.0029530780588064437 0.001977263378534847
277 0.9950411832558168 0.002973740098962986 0.001985076665467726
278 0.9950126950862495 0.002994464490720733 0.001992840442238794
279 0.9949841947382883 0.0030152510787527015 0.0020005542011532996
280 0.9949556828725599 0.003036099706876742 0.002008217437767135
281 0.9949271601472633 0.00305701021805438 0.0020158296509198235
282 0.9948986272181395 0.0030779824543896717 0.0020233903427672806
283 0.9948700847384383 0.0030990162571281005 0.002030899018814375
284 0.994841533358888 0.003120111466655485 0.0020383551879472675
285 0.9948129737276643 0.003141267922496928 0.0020457583624655298
286 0.9947844064903597 0.003162485463315781 0.0020531080581140484
287 0.9947558322899512 0.003183763926912639 0.0020604037941147017
288 0.9947272517667727 0.0032051031502243685 0.002067645093197818
289 0.9946986655584822 0.0032265029693231517 0.0020748314816334
290 0.9946700743000326 0.003247963219415574 0.0020819624892621266
291 0.9946414786236417 0.003269483734841716 0.0020890376495261245
292 0.9946128791587636 0.003291064349074301 0.0020960564994995053
293 0.994584276532057 0.003312704894717847 0.002103018579918664
294 0.9945556713673585 0.0033344052035078624 0.002109923435212353
295 0.9945270642856511 0.003356165106310059 0.0021167706135315047
296 0.9944984559050376 0.003377984433119606 0.0021235596667788263
297 0.9944698468407103 0.0033998630130603977 0.002130290150638138
298 0.9944412377049235 0.0034218006743843665 0.0021369616246034832
299 0.9944126291069652 0.0034437972444708075 0.00214357365200798
300 0.9943840216531283 0.0034658525498257493 0.0021501258000524307
301 0.9943554159466844 0.0034879664160813416 0.0021566176398336834
302 0.9943268125878546 0.0035101386679952775 0.002163048746372736
303 0.9942982121737839 0.003532369129450247 0.0021694186986425945
304 0.9942696152985118 0.0035546576234534184 0.0021757270795958674
305 0.9942410225529486 0.0035770039721359447 0.0021819734761921116
306 0.9942124345248455 0.0035994079967525115 0.0021881574794249143
307 0.9941838517987709 0.0036218695176809075 0.0021942786843487153
308 0.9941552749560821 0.0036443883544216202 0.0022003366901053698
309 0.9941267045749012 0.0036669643255974795 0.0022063310999504457
310 0.9940981412300878 0.0036895972489533126 0.002212261521279252
311 0.9940695854932147 0.003712286941355643 0.0022181275656526053
312 0.9940410379325422 0.0037350332187924126 0.002223928848822323
313 0.9940124991129933 0.003757835896372743 0.0022296649907564505
314 0.9939839695961282 0.003780694788326719 0.002235335615664211
315 0.9939554499401214 0.0038036097080052095 0.002240940352020683
316 0.9939269406997362 0.0038265804678797215 0.0022464788325912035
317 0.9938984424263003 0.003849606879542279 0.002251950694455497
318 0.9938699556676838 0.0038726887537053364 0.0022573555790315154
319 0.9938414809682736 0.0038958259002017264 0.002262693132099012
320 0.9938130188689518 0.003919018127984644 0.002267963003822818
321 0.993784569907072 0.003942265245127649 0.002273164848775854
322 0.9937561346164362 0.003965567058824712 0.0022782983259618385
323 0.9937277135272728 0.0039889233753902945 0.002283363098837721
324 0.9936993071662146 0.004012334000259446 0.0022883588353358264
325 0.993670916056276 0.004035798737987959 0.002293285207885707
326 0.9936425407168322 0.004059317392252527 0.0022981418934357035
327 0.993614181663596 0.004082889765850968 0.002302928573474222
328 0.9935858394085993 0.004106515660702446 0.0023076449340507055
329 0.9935575144601696 0.004130194877847759 0.0023122906657963185
330 0.993529207322911 0.004153927217449636 0.002316865463944335
331 0.9935009184976827 0.004177712478793079 0.0023213690283502286
332 0.9934726484815797 0.004201550460285733 0.0023258010635114593
333 0.9934443977679115 0.0042254409594583 0.0023301612785869685
334 0.9934161668461844 0.004249383772964964 0.002334449387416365
335 0.9933879562020809 0.004273378696583882 0.002338665108538814
336 0.9933597663174407 0.004297425525217681 0.0023428081652116187
337 0.9933315976702424 0.004321524052893996 0.002346878285428499
338 0.9933034507345838 0.004345674072766058 0.0023508752019375644
339 0.9932753259806659 0.004369875377113289 0.002354798652258975
340 0.9932472238747717 0.004394127757341958 0.0023586483787023005
341 0.9932191448792516 0.004418431003985852 0.002362424128383566
342 0.9931910894525039 0.004442784906706986 0.002366125653241987
343 0.9931630580489585 0.00446718925429636 0.002369752710056395
344 0.99313505111906 0.004491643834674729 0.0023733050604613443
345 0.99310706910925 0.004516148434893424 0.0023767824709629132
346 0.9930791124619526 0.004540702841135204 0.002380184712954183
347 0.993051181615557 0.0045653068387151345 0.002383511562730406
348 0.9930232770044026 0.00458996021208152 0.0023867628015038513
349 0.9929953990587624 0.004614662744816845 0.0023899382154183384
350 0.9929675482048288 0.004639414219638771 0.0023930375955634486
351 0.9929397248646983 0.004664214418401163 0.0023960607379884167
352 0.9929119294563569 0.004689063122095146 0.002399007443715702
353 0.9928841623936657 0.004713960110850203 0.002401877518754239
354 0.992856424086347 0.004738905163935299 0.0024046707741123617
355 0.9928287149399705 0.004763898059760055 0.0024073870258104115
356 0.9928010353559394 0.004788938575875946 0.0024100260948930136
357 0.9927733857314782 0.004814026488977536 0.002412587807441034
358 0.9927457664596182 0.004839161574903747 0.002415071994583205
359 0.9927181779291867 0.004864343608639175 0.002417478492507429
360 0.9926906205247936 0.004889572364315421 0.002419807142471758
361 0.9926630946268198 0.0049148476152124825 0.00242205779081503
362 0.9926356006114047 0.004940169133760154 0.0024242302889671986
363 0.9926081388504355 0.004965536691539488 0.002426324493459313
364 0.9925807097115364 0.004990950059284273 0.0024283402659331836
365 0.9925533135580569 0.005016409006882553 0.0024302774731507046
366 0.9925259507490615 0.005041913303378196 0.0024321359870028525
367 0.9924986216393199 0.005067462716972468 0.0024339156845183544
368 0.9924713265792964 0.005093057015025678 0.0024356164478720153
369 0.9924440659151403 0.005118695964058833 0.0024372381643927208
370 0.9924168399886771 0.005144379329755339 0.0024387807265710995
371 0.992389649137399 0.005170106876962737 0.0024402440320668603
372 0.9923624936944562 0.005195878369694478 0.0024416279837157838
373 0.9923353739886487 0.005221693571131725 0.0024429324895363902
374 0.9923082903444173 0.005247552243625204 0.002444157462736261
375 0.9922812430818365 0.005273454148697075 0.0024453028217180316
376 0.9922542325166072 0.005299399047042852 0.0024463684900850485
377 0.9922272589600485 0.0053253866985333515 0.0024473543966466844
378 0.9922003227190909 0.005351416862216686 0.002448260475423319
379 0.992173424096271 0.00537748929632028 0.0024490866656509866
380 0.992146563389723 0.005403603758252931 0.0024498329117856772
381 0.9921197408931742 0.0054297600046069126 0.002450499163507307
382 0.9920929568959386 0.005455957791160088 0.0024510853757233487
383 0.992066211682912 0.0054821968728781 0.002451591508572123
384 0.9920395055345652 0.0055084770039165514 0.002452017527425751
385 0.992012838726942 0.005534797937623269 0.0024523634028927647
386 0.9919862115316521 0.005561159426540554 0.0024526291108203893
387 0.9919596242158678 0.0055875612224075034 0.0024528146322964723
388 0.99193307704232 0.005614003076162365 0.002452919953651084
389 0.9919065702692951 0.005640484737944906 0.0024529450664577688
390 0.9918801041506305 0.00566700595709884 0.00245288996753447
391 0.9918536789357126 0.005693566482174282 0.0024527546589441017
392 0.9918272948694741 0.005720166060930231 0.002452539147994789
393 0.9918009521923903 0.005746804440337108 0.002452243447239764
394 0.9917746511404784 0.005773481366579311 0.0024518675744769295
395 0.9917483919452947 0.005800196585057809 0.0024514115527480692
396 0.9917221748339343 0.005826949840392784 0.0024508754103377372
397 0.9916960000290285 0.005853740876426299 0.0024502591807717892
398 0.9916698677487445 0.0058805694362249914 0.002449562902815584
399 0.991643778206785 0.005907435262082833 0.0024487866204718494
400 0.9916177316123879 0.005934338095523881 0.002447930382978197
401 0.9915917281703259 0.005961277677305123 0.002446994244804307
402 0.9915657680809069 0.005988253747419283 0.0024459782656487718
403 0.9915398515399751 0.006015266045097748 0.0024448825104355994
404 0.991513978738911 0.0060423143088134445 0.00244370704931038
405 0.9914881498646338 0.006069398276283823 0.0024424519576361128
406 0.991462365099602 0.006096517684473826 0.0024411173159886957
407 0.9914366246218156 0.006123672269598925 0.0024397032101520773
408 0.9914109286048182 0.006150861767128177 0.002438209731113069
409 0.9913852772176991 0.0061780859117873095 0.0024366369750558245
410 0.9913596706250969 0.006205344437561857 0.0024349850433559783
411 0.991334108987201 0.006232637077700327 0.0024332540425744498
412 0.9913085924597571 0.006259963564717395 0.0024314440844509116
413 0.9912831211940685 0.0062873236303971364 0.0024295552858969185
414 0.9912576953370021 0.0063147170057963 0.002427587768988709
415 0.9912323150309909 0.006342143421247613 0.00242554166095966
416 0.9912069804140395 0.006369602606363104 0.002423417094192423
417 0.9911816916197296 0.006397094290037499 0.0024212142062107114
418 0.9911564487772224 0.006424618200451604 0.0024189331396707618
419 0.9911312520112685 0.006452174065075764 0.0024165740423524656
420 0.9911061014422085 0.006479761610673336 0.002414137067150159
421 0.9910809971859835 0.0065073805633041855 0.002411622372063091
422 0.9910559393541385 0.00653503064832825 0.0024090301201855537
423 0.9910309280538303 0.006562711590409099 0.0024063604796966875
424 0.9910059633878338 0.00659042311351756 0.00240361362384995
425 0.9909810454545502 0.006618164940935353 0.0024007897309622633
426 0.9909561743480135 0.0066459367952587806 0.002397888984402828
427 0.9909313501578985 0.006673738398402429 0.002394911572581608
428 0.9909065729695292 0.006701569471602928 0.0023918576889374985
429 0.9908818428638871 0.006729429735422718 0.002388727531926151
430 0.9908571599176199 0.006757318909753879 0.0023855213050074904
431 0.9908325242030498 0.006785236713821954 0.0023822392166328943
432 0.990807935788184 0.006813182866189855 0.002378881480232058
433 0.9907833947367233 0.0068411570847617615 0.002375448314199527
434 0.9907589011080726 0.006869159086787064 0.002371939941880917
435 0.9907344549573498 0.006897188588864351 0.0023683565915588057
436 0.9907100563353974 0.0069252453069454135 0.002364698496438309
437 0.9906857052887938 0.006953328956339296 0.0023609658946323327
438 0.9906614018598621 0.00698143925171636 0.0023571590291465135
439 0.9906371460866831 0.007009575907112408 0.00235327814786383
440 0.9906129380031066 0.007037738635932816 0.002349323503528915
441 0.990588777638763 0.0070659271509567 0.002345295353732031
442 0.9905646650190748 0.007094141164341136 0.0023411939608927517
443 0.9905406001652706 0.007122380387625383 0.002337019592243314
444 0.9905165830943964 0.007150644531735153 0.002332772519811669
445 0.9904926138193286 0.00717893330698692 0.0023284530204042133
446 0.9904686923487885 0.007207246423092236 0.0023240613755882173
447 0.9904448186873545 0.007235583589162112 0.0023195978716739367
448 0.9904209928354759 0.0072639445137113855 0.0023150627996964233
449 0.9903972147894888 0.007292328904663172 0.002310456455397027
450 0.9903734845416275 0.0073207364693533014 0.0023057791392045845
451 0.9903498020800423 0.007349166914534816 0.00230103115621632
452 0.9903261673888111 0.007377619946382471 0.002296212816178424
453 0.9903025804479573 0.0074060952704973 0.002291324433466345
454 0.9902790412334649 0.007434592591911172 0.002286366327064772
455 0.9902555497172921 0.0074631116150914185 0.0022813388205473223
456 0.9902321058673893 0.007491652043945451 0.0022762422420559243
457 0.9902087096477152 0.0075202135818254415 0.002271076924279916
458 0.9901853610182525 0.007548795931533014 0.0022658432044348337
459 0.9901620599350247 0.007577398795323965 0.002260541424240919
460 0.9901388063501136 0.007606021874913022 0.0022551719299013224
461 0.9901156002116771 0.00763466487147863 0.002249735072080024
462 0.9900924414639654 0.007663327485667756 0.0022442312058794595
463 0.99006933004734 0.007692009417600744 0.0022386606908178634
464 0.990046265898291 0.007720710366876169 0.0022330238908063126
465 0.9900232489494556 0.007749430032575744 0.002227321174125502
466 0.990000279129638 0.007778168113269246 0.002221552913402223
467 0.9899773563638257 0.007806924307019469 0.0022157194855855636
468 0.9899544805732103 0.007835698311387206 0.002209821271922827
469 0.9899316516752071 0.007864489823436259 0.0022038586579351737
470 0.9899088695834741 0.00789329853973848 0.0021978320333929805
471 0.9898861342079313 0.007922124156378826 0.002191741792290927
472 0.9898634454547818 0.007950966368960465 0.002185588332822807
473 0.9898408032265319 0.007979824872609889 0.0021793720573560645
474 0.9898182074220111 0.008008699361982053 0.002173093372406062
475 0.9897956579363938 0.008037589531265547 0.002166752688610075
476 0.9897731546612192 0.00806649507418781 0.0021603504207010197
477 0.9897506974844142 0.00809541568402034 0.002153886987480919
478 0.989728286290314 0.008124351053583948 0.002147362811794092
479 0.989705920959683 0.008153300875254038 0.002140778320500096
480 0.9896836013697392 0.008182264840965903 0.002134133944446393
481 0.9896613273941741 0.008211242642220055 0.0021274301184407663
482 0.9896390989031769 0.008240233970087581 0.0021206672812234743
483 0.9896169157634552 0.008269238515215516 0.0021138458754391518
484 0.989594777838261 0.00829825596783224 0.00210696634760845
485 0.9895726849874109 0.008327286017752924 0.002100029148099436
486 0.9895506370673112 0.008356328354384952 0.0020930347310987316
487 0.9895286339309805 0.008385382666733422 0.0020859835545824074
488 0.989506675428075 0.008414448643406635 0.0020788760802866284
489 0.989484761404911 0.00844352597262161 0.0020717127736780577
490 0.9894628917044901 0.00847261434220965 0.0020644941039240153
491 0.9894410661665235 0.00850171343962188 0.0020572205438623937
492 0.9894192846274571 0.008530822951934875 0.0020498925699713407
493 0.989397546920495 0.00855994256585625 0.002042510662338696
494 0.9893758528756269 0.00858907196773031 0.002035075304631201
495 0.989354202319652 0.00861821084354371 0.00202758698406347
496 0.9893325950762044 0.008647358878931123 0.0020200461913667317
497 0.9893110309657799 0.008676515759180967 0.002012453420757342
498 0.9892895098057606 0.008705681169241109 0.0020048091699050707
499 0.9892680314104426 0.008734854793724624 0.0019971139399011582
500 0.9892465955910623 0.008764036316915568 0.0019893682352261546
501 0.989225202155821 0.008793225422774753 0.0019815725637175323
502 0.9892038509099144 0.008822421794945575 0.0019737274365370892
503 0.9891825416555576 0.008851625116759826 0.0019658333681381217
504 0.989161274192013 0.008880835071243556 0.0019578908762323917
505 0.9891400483156181 0.008910051341122951 0.0019499004817568801
506 0.9891188638198122 0.008939273608830208 0.0019418627088403275
507 0.9890977204951648 0.00896850155650945 0.0019337780847695687
508 0.9890766181294031 0.008997734866022669 0.0019256471399556573
509 0.9890555565074408 0.009026973218955656 0.0019174704078997902
510 0.9890345354114057 0.009056216296623985 0.0019092484251590318
511 0.9890135546206684 0.009085463780078984 0.0019009817313118283
512 0.9889926139118708 0.009114715350113758 0.001892670868923341
513 0.9889717130589559 0.009143970687269187 0.0018843163835105662
514 0.9889508518331955 0.009173229471839999 0.0018759188235072787
515 0.9889300300032202 0.00920249138388079 0.0018674787402287718
516 0.9889092473350486 0.009231756103212137 0.001858996687836418
517 0.9888885035921163 0.009261023309426665 0.0018504732233020358
518 0.9888677985353073 0.009290292681895166 0.0018419089063720809
519 0.9888471319229815 0.009319563899772726 0.001833304299531647
520 0.9888265035110063 0.009348836642004862 0.0018246599679682958
521 0.9888059130527866 0.009378110587333687 0.0018159764795357032
522 0.9887853602992948 0.009407385414304081 0.0018072544047171356
523 0.9887648449991014 0.009436660801269876 0.0017984943165887505
524 0.9887443668984058 0.009465936426400074 0.0017896967907827326
525 0.9887239257410668 0.009495211967685052 0.001780862405450253
526 0.9887035212686343 0.009524487102942803 0.001771991741224274
527 0.9886831532203793 0.009553761509825193 0.0017630853811821845
528 0.9886628213333263 0.009583034865824212 0.0017541439108082768
529 0.9886425253422838 0.009612306848278263 0.0017451679179560638
530 0.9886222649798763 0.009641577134378439 0.0017361579928104468
531 0.9886020399765763 0.00967084540117484 0.0017271147278497213
532 0.9885818500607354 0.009700111325582895 0.0017180387178074399
533 0.9885616949586165 0.00972937458438967 0.0017089305596341222
534 0.988541574394426 0.009758634854260234 0.001699790852458822
535 0.9885214880903459 0.009787891811744004 0.0016906201975505494
536 0.9885014357665669 0.009817145133281123 0.0016814191982795531
537 0.9884814171413193 0.009846394495208818 0.0016721884600784638
538 0.9884614319309073 0.009875639573767817 0.001662928590403304
539 0.9884414798497405 0.009904880045108738 0.001653640198694362
540 0.988421560610367 0.009934115585298494 0.001644323896336934
541 0.9884016739235073 0.009963345870326731 0.0016349802966219445
542 0.9883818194980862 0.009992570576112268 0.0016256100147064346
543 0.9883619970412659 0.010021789378509524 0.0016162136675739265
544 0.9883422062584807 0.010051001953314966 0.0016067918739946768
545 0.9883224468534688 0.010080207976273611 0.0015973452544857994
546 0.9883027185283069 0.01010940712308546 0.001587874431271283
547 0.9882830209834436 0.010138599069412 0.0015783800282418887
548 0.9882633539177323 0.010167783490882692 0.001568862670914943
549 0.988243717028467 0.010196960063101463 0.00155932298639402
550 0.988224110011413 0.010226128461653227 0.001549761603328517
551 0.9882045325608446 0.010255288362110385 0.0015401791518731322
552 0.9881849843695761 0.010284439440039364 0.0015305762636472393
553 0.9881654651289982 0.010313581371007133 0.001520953571694166
554 0.9881459745291106 0.010342713830587756 0.0015113117104403767
555 0.9881265122585579 0.010371836494368925 0.0015016513156545644
556 0.9881070780046628 0.010400949037958506 0.0014919730244066546
557 0.9880876714534613 0.010430051136991112 0.0014822774750267178
558 0.988068292289737 0.01045914246713465 0.001472565307063803
559 0.9880489401970561 0.010488222704096906 0.0014628371612446889
560 0.9880296148578016 0.010517291523632098 0.001453093679432551
561 0.9880103159532087 0.010546348601547476 0.0014433355045855624
562 0.9879910431633996 0.010575393613709889 0.001433563280715412
563 0.9879717961674186 0.01060442623605238 0.0014237776528457564
564 0.9879525746432656 0.010633446144580776 0.0014139792669706026
565 0.9879333782679339 0.010662453015380293 0.0014041687700126271
566 0.987914206717443 0.01069144652462212 0.0013943468097814286
567 0.9878950596668754 0.01072042634857003 0.0013845140349317273
568 0.9878759367904105 0.010749392163586986 0.0013746710949214956
569 0.9878568377613609 0.010778343646141749 0.001364818639970048
570 0.9878377622522072 0.01080728047281549 0.001354957321016068
571 0.9878187099346337 0.0108362023203084 0.0013450877896755927
572 0.987799680479564 0.010865108865446305 0.0013352106981999435
573 0.9877806735571962 0.01089399978518728 0.0013253266994336247
574 0.9877616888370382 0.010922874756628273 0.0013154364467721682
575 0.9877427259879437 0.010951733457011724 0.001305540594119949
576 0.9877237846781476 0.010980575563732171 0.0012956397958479595
577 0.9877048645753022 0.011009400754342891 0.0012857347067515552
578 0.9876859653465117 0.01103820870656249 0.0012758259820081664
579 0.9876670866583686 0.01106699909828155 0.0012659142771349844
580 0.9876482281769905 0.011095771607569235 0.0012560002479466248
581 0.987629389568053 0.011124525912679914 0.001246084550512762
582 0.9876105704968284 0.011153261692059763 0.0012361678411157556
583 0.98759177062822 0.011181978624353401 0.0012262507762082478
584 0.9875729896267982 0.01121067638841049 0.0012163340123707562
585 0.9875542271568358 0.011239354663292352 0.0012064182062692518
586 0.9875354828823448 0.011268013128278572 0.0011965040146127265
587 0.9875167564671121 0.011296651462873609 0.0011865920941107626
588 0.9874980475747341 0.01132526934681341 0.0011766831014310899
589 0.9874793558686537 0.01135386646007199 0.001166777693157149
590 0.9874606810121964 0.01138244248286804 0.0011568765257456556
591 0.9874420226686046 0.011410997095671522 0.0011469802554841693
592 0.987423380501075 0.011439529979210253 0.0011370895384486702
593 0.9874047541727943 0.011468040814476492 0.0011272050304611495
594 0.9873861433469732 0.011496529282733528 0.0011173273870472085
595 0.9873675476868846 0.011524995065522237 0.0011074572633936795
596 0.9873489668558988 0.011553437844667658 0.0010975953143062605
597 0.9873304005175173 0.011581857302285581 0.0010877421941671752
598 0.9873118483354113 0.011610253120789064 0.0010778985568928557
599 0.9872933099734561 0.011638624982895023 0.001068065055891653
600 0.9872747850957666 0.011666972571630749 0.0010582423440215775
601 0.9872562733667334 0.011695295570340472 0.001048431073548074
602 0.9872377744510585 0.011723593662691873 0.0010386318961018248
603 0.9872192880137908 0.01175186653268262 0.0010288454626366024
604 0.9872008137203615 0.01178011386464688 0.001019072423387153
605 0.9871823512366202 0.011808335343261832 0.0010093134278271272
606 0.9871639002288701 0.011836530653554164 0.0009995691246270605
