0 1.0 0.0 0.0
1 0.9999999200002316 3.9999986207605614e-08 3.999978284310989e-08
2 0.999999680003697 1.5999977842836086e-07 1.599965250006554e-07
3 0.9999992800187161 3.5999887744371757e-07 3.5998240752661094e-07
4 0.9999987200591499 6.399964511815515e-07 6.399443994086756e-07
5 0.9999980001444078 9.999913346543504e-07 9.998642584148525e-07
6 0.9999971202994381 1.4399820298726825e-06 1.4397185322785778e-06
7 0.9999960805547334 1.9599667057339575e-06 1.9594785602223324e-06
8 0.9999948809463264 2.559943197886483e-06 2.5591104748196144e-06
9 0.9999935215157858 3.2399090085688328e-06 3.2385752041952035e-06
10 0.9999920023102181 3.999861306424547e-06 3.997828474563511e-06
11 0.9999903233822596 4.83979692629214e-06 4.836820813104889e-06
12 0.9999884847900784 5.759712368970519e-06 5.7554975511797255e-06
13 0.9999864865973693 6.759603800959736e-06 6.753798827880056e-06
14 0.9999843288733502 7.83946705417714e-06 7.83165959391852e-06
15 0.9999820116927565 8.999297625648954e-06 8.989009615854425e-06
16 0.9999795351358405 1.0239090677177348e-05 1.022577348065658e-05
17 0.9999768992883615 1.1558841034982924e-05 1.1541870600602657e-05
18 0.9999741042415896 1.2958543189322681e-05 1.2937215218514676e-05
19 0.9999711500922909 1.443819129408363e-05 1.4411716413330477e-05
20 0.9999680369427252 1.5997779166351898e-05 1.5965278106010518e-05
21 0.9999647649006465 1.7637300285957427e-05 1.7597799065779908e-05
22 0.9999613340792876 1.9356747794994386e-05 1.9309172916705078e-05
23 0.9999577445973578 2.1156114497317208e-05 2.1099288144604777e-05
24 0.9999539965790378 2.3035392858012417e-05 2.2968028104294927e-05
25 0.9999500901539695 2.499457500284618e-05 2.4915271027166602e-05
26 0.999946025457254 2.7033652717687493e-05 2.6940890029097294e-05
27 0.9999418026294342 2.915261744790777e-05 2.9044753118694153e-05
28 0.9999374218164981 3.1351460297755815e-05 3.122672320586934e-05
29 0.9999328831698616 3.363017202970883e-05 3.3486658110746364e-05
30 0.9999281868463646 3.598874306379981e-05 3.5824410572897425e-05
31 0.9999233330082634 3.842716347692063e-05 3.8239828260910674e-05
32 0.9999183218232167 4.0945423002101535e-05 4.073275378228696e-05
33 0.9999131534642791 4.354351102776657e-05 4.330302469366538e-05
34 0.9999078281098911 4.6221416596965465e-05 4.5950473511377256e-05
35 0.9999023459438714 4.897912840658187e-05 4.867492772232709e-05
36 0.9998967071553991 5.1816634806517804e-05 5.147620979520102e-05
37 0.9998909119390085 5.473392379885477e-05 5.435413719200072e-05
38 0.9998849604945825 5.7730983036991156e-05 5.730852237990292e-05
39 0.9998788530273317 6.080779982475651e-05 6.033917284344318e-05
40 0.999872589747788 6.396436111550244e-05 6.344589109702421e-05
41 0.9998661708717917 6.720065351116975e-05 6.662847469774594e-05
42 0.9998595966204815 7.05166632613335e-05 6.988671625855896e-05
43 0.9998528672202783 7.3912376262224e-05 7.322040346173796e-05
44 0.999845982902873 7.738777805572481e-05 7.662931907267678e-05
45 0.99983894390522 8.094285382834882e-05 8.01132409540025e-05
46 0.9998317504695123 8.457758841019015e-05 8.367194208000738e-05
47 0.9998244028431779 8.829196627385458e-05 8.730519055139975e-05
48 0.9998169012788588 9.208597153336649e-05 9.10127496103707e-05
49 0.9998092460344032 9.595958794305272e-05 9.479437765597713e-05
50 0.9998014373728473 9.991279889640609e-05 9.86498282598385e-05
51 0.9997934755623964 0.000103945587424924 0.00010257885018214867
52 0.9997853608764186 0.0001080579361969262 0.00010658118738799927
53 0.9997770935934227 0.00011224982751635068 0.00011065657906401579
54 0.999768673997045 0.00011652124332152624 0.00011480475963530275
55 0.9997601023760355 0.00012087216518392359 0.00011902545878269946
56 0.9997513790242352 0.0001253025743068853 0.00012331840146034422
57 0.9997425042405639 0.00012981245152433312 0.00012768330791354494
58 0.9997334783290055 0.00013440177729945416 0.00013211989369695592
59 0.9997243015985855 0.0001390705317233646 0.00013662786969305995
60 0.9997149743633589 0.00014381869451375357 0.00014120694213095515
61 0.9997054969423845 0.00014864624501350463 0.00014585681260544065
62 0.9996958696597172 0.00015355316218929572 0.0001505771780964077
63 0.999686092844384 0.0001585394246301797 0.00015536773098852747
64 0.9996761668303651 0.000163605010546141 0.0001602281590912404
65 0.9996660919565775 0.0001687498977666352 0.00016515814565904054
66 0.9996558685668522 0.00017397406373910476 0.00017015736941205714
67 0.9996454970099193 0.00017927748552747522 0.00017522550455693054
68 0.9996349776393845 0.00018466013981063205 0.00018036222080798268
69 0.999624310813713 0.0001901220028808751 0.00018556718340867733
70 0.9996134968962057 0.0001956630506423546 0.00019084005315337304
71 0.9996025362549829 0.00020128325860948644 0.00019618048640936456
72 0.9995914292629563 0.0002069826019053468 0.00020158813513921142
73 0.9995801762978163 0.00021276105526004776 0.00020706264692335477
74 0.999568777742007 0.0002186185930090943 0.00021260366498301718
75 0.9995572339827038 0.00022455518909171923 0.00021821082820338528
76 0.9995455454117925 0.00023057081704920082 0.00022388377115707835
77 0.9995337124258483 0.00023666545002316137 0.0002296221241278926
78 0.9995217354261108 0.0002428390607538441 0.00023542551313482637
79 0.9995096148184652 0.00024909162157837406 0.00024129355995638314
80 0.9994973510134172 0.0002554231044289978 0.0002472258821551488
81 0.9994849444260663 0.000261833480831308 0.00025322209310264543
82 0.999472395476094 0.0002683227219024442 0.00025928180200445464
83 0.9994597045877265 0.0002748907983492805 0.0002654046139256132
84 0.9994468721897178 0.00028153768046659155 0.0002715901298162804
85 0.9994338987153275 0.0002882633381352029 0.0002778379465376665
86 0.9994207846022917 0.00029506774082012013 0.00028414765688823527
87 0.9994075302928013 0.0003019508575686456 0.0002905188496301639
88 0.9993941362334756 0.000308912657008472 0.00029695110951607015
89 0.9993806028753396 0.00031595310734576216 0.00030344401731599693
90 0.999366930673793 0.00032307217636320934 0.00030999714984465877
91 0.999353120088594 0.00033026983141808407 0.0003166100799889423
92 0.9993391715838242 0.0003375460394402575 0.00032328237673566663
93 0.9993250856278708 0.00034490076693021696 0.0003300136051995908
94 0.9993108626933921 0.0003523339799570562 0.00033680332665168286
95 0.9992965032572954 0.00035984564415645454 0.00034365109854762795
96 0.9992820078007147 0.0003674357247286404 0.0003505564745565932
97 0.9992673768089733 0.0003751041864363334 0.0003575190045902344
98 0.9992526107715649 0.00038285099360267736 0.0003645382348319504
99 0.9992377101821226 0.0003906761101091529 0.0003716137077663756
100 0.9992226755383959 0.00039857949939347447 0.00037874496220911786
101 0.9992075073422138 0.00040656112444747647 0.00038593153333673063
102 0.9991922060994662 0.0004146209478149792 0.00039317295271692565
103 0.9991767723200689 0.0004227589315896427 0.0004004687483390208
104 0.9991612065179405 0.0004309750374128058 0.0004078184446446159
105 0.9991455092109672 0.0004392692264713081 0.0004152215625585071
106 0.9991296809209809 0.0004476414594953013 0.000422677619519817
107 0.9991137221737265 0.0004560916967560444 0.0004301861295133715
108 0.9990976334988306 0.000464619898063683 0.0004377466031012818
109 0.9990814154297752 0.00047322602276501593 0.00044535854745476503
110 0.9990650685038677 0.00048191002974125384 0.000453021466386169
111 0.9990485932622082 0.0004906718774057563 0.00046073486038123313
112 0.9990319902496609 0.0004995115237017556 0.00046849822663155367
113 0.9990152600148268 0.0005084289261000771 0.00047631105906727114
114 0.9989984031100066 0.0005174240415968368 0.00048417284838996147
115 0.9989814200911759 0.0005264968267111306 0.000492083082105745
116 0.9989643115179521 0.0005356472374827099 0.0005000412445586034
117 0.9989470779535596 0.000544875229469646 0.0005080468169638954
118 0.998929719964805 0.0005541807577459797 0.000516099277442083
119 0.9989122381220401 0.0005635637768993672 0.0005241981010526583
120 0.9988946329991355 0.0005730242410287019 0.0005323427598282689
121 0.9988769051734426 0.0005825621037417348 0.0005405327228090378
122 0.9988590552257628 0.0005921773181526799 0.0005487674560770847
123 0.9988410837403202 0.0006018698368798063 0.0005570464227912301
124 0.9988229913047257 0.0006116396120430273 0.000565369083221902
125 0.9988047785099421 0.000621486595261469 0.0005737348947862183
126 0.9987864459502558 0.0006314107376510337 0.0005821433120832698
127 0.9987679942232383 0.000641411989821958 0.000590593786929569
128 0.9987494239297184 0.0006514903018763492 0.000599085768394699
129 0.9987307356737456 0.0006616456234057211 0.0006076187028371227
130 0.9987119300625599 0.0006718779034885186 0.000616192033940187
131 0.9986930077065517 0.0006821870906876298 0.0006248052027482891
132 0.9986739692192361 0.0006925731330478949 0.0006334576477032152
133 0.9986548152172137 0.0007030359780935973 0.0006421488046806572
134 0.9986355463201345 0.0007135755728259586 0.0006508781070268914
135 0.9986161631506711 0.0007241918637206119 0.0006596449855956185
136 0.9985966663344763 0.0007348847967250762 0.0006684488687849731
137 0.9985770565001557 0.0007456543172562189 0.0006772891825746897
138 0.9985573342792258 0.0007565003701977109 0.0006861653505634288
139 0.9985375003060845 0.0007674228998974738 0.0006950767940062552
140 0.9985175552179708 0.000778421850165125 0.0007040229318522706
141 0.9984974996549348 0.000789497164269405 0.0007130031807823967
142 0.9984773342598028 0.0008006487849356132 0.0007220169552473118
143 0.998457059678137 0.0008118766543430187 0.0007310636675055169
144 0.998436676558202 0.0008231807141222789 0.0007401427276615685
145 0.9984161855509294 0.0008345609053528496 0.0007492535437044312
146 0.9983955873098804 0.0008460171685603819 0.0007583955215459798
147 0.9983748824912122 0.0008575494437141245 0.0007675680650596332
148 0.9983540717536442 0.0008691576702243059 0.0007767705761191222
149 0.9983331557584105 0.0008808417869395296 0.000786002454637389
150 0.9983121351692379 0.0008926017321441481 0.0007952630986056129
151 0.9982910106522991 0.0009044374435556429 0.0008045519041323646
152 0.998269782876182 0.0009163488583219948 0.0008138682654828783
153 0.9982484525118493 0.0009283359130190503 0.000823211575118453
154 0.9982270202326042 0.0009403985436478826 0.0008325812237359614
155 0.9982054867140485 0.0009525366856321575 0.0008419766003074796
156 0.9981838526340521 0.0009647502738154839 0.0008513970921200342
157 0.9981621186727136 0.000977039242458771 0.0008608420848154515
158 0.9981402855123203 0.0009894035252375698 0.0008703109624303213
159 0.9981183538373122 0.0010018430552394284 0.0008798031074360537
160 0.9980963243342476 0.001014357764961233 0.000889317900779058
161 0.99807419769176 0.0010269475863065496 0.0008988547219210053
162 0.9980519746005241 0.001039612450582961 0.0009084129488791954
163 0.9980296557532193 0.0010523522884994107 0.0009179919582670147
164 0.9980072418444881 0.001065167030163534 0.00092759112533449
165 0.9979847335708967 0.0010780566050790001 0.0009372098240089323
166 0.9979621316309065 0.001091020942142834 0.00094684742693566
167 0.997939436724823 0.001104059969642759 0.0009565033055188201
168 0.997916649554768 0.001117173615254527 0.0009661768299622728
169 0.9978937708246338 0.001130361806039248 0.0009758673693105728
170 0.9978708012400519 0.0011436244684407285 0.0009855742914900102
171 0.99784774150835 0.001156961528282793 0.0009952969633497447
172 0.9978245923385134 0.0011703729107666243 0.0010050347507029904
173 0.9978013544411466 0.0011838585404680972 0.0010147870183682848
174 0.9977780285284366 0.0011974183413351058 0.001024553130210811
175 0.9977546153141141 0.0012110522366849017 0.0010343324491837924
176 0.9977311155134125 0.0012247601492014347 0.0010441243373699402
177 0.9977075298430275 0.0012385420009326832 0.0010539281560229662
178 0.9976838590210865 0.0012523977132879985 0.0010637432656091445
179 0.9976601037670976 0.0012663272070354455 0.0010735690258489266
180 0.9976362648019239 0.001280330402299148 0.0010834047957586114
181 0.9976123428477337 0.0012944072185566344 0.0010932499336920479
182 0.997588338627963 0.0013085575746361877 0.0011031037973824008
183 0.9975642528672826 0.0013227813887141961 0.0011129657439839405
184 0.997540086291554 0.0013370785783125153 0.0011228351301138845
185 0.9975158396277917 0.0013514490602958224 0.0011327113118942674
186 0.9974915136041184 0.0013658927508689777 0.001142593644993847
187 0.9974671089497358 0.0013804095655743965 0.0011524814846700362
188 0.9974426263948794 0.0013949994192894292 0.0011623741858108776
189 0.9974180666707799 0.0014096622262237241 0.0011722711029770177
190 0.9973934305096205 0.0014243978999166165 0.0011821715904437318
191 0.9973687186445029 0.001439206353234509 0.0011920750022429427
192 0.9973439318094077 0.0014540874983682722 0.0012019806922052773
193 0.9973190707391477 0.0014690412468306418 0.0012118880140021297
194 0.9972941361693392 0.0014840675094536114 0.0012217963211877247
195 0.9972691288363542 0.001499166196385848 0.0012317049672412078
196 0.9972440494772827 0.0015143372170901216 0.0012416133056087336
197 0.9972188988298961 0.0015295804803407047 0.001251520689745557
198 0.9971936776326025 0.0015448958942208188 0.0012614264731581246
199 0.9971683866244166 0.0015602833661200648 0.0012713300094461615
200 0.9971430265449063 0.0015757428027318703 0.0012812306523447615
201 0.9971175981341666 0.0015912741100509373 0.0012911277557664665
202 0.9970921021327711 0.0016068771933706962 0.0013010206738433253
203 0.9970665392817354 0.001622551957280794 0.0013109087609689551
204 0.9970409103224792 0.0016382983056645534 0.0013207913718405796
205 0.9970152159967861 0.0016541161416964555 0.0013306678615010465
206 0.9969894570467641 0.0016700053678396485 0.0013405375853808297
207 0.996963634214802 0.0016859658858434327 0.00135039989934
208 0.996937748243534 0.001701997596740787 0.0013602541597101752
209 0.9969117998758025 0.0017181004008458894 0.0013700997233364383
210 0.9968857898546154 0.001734274197751638 0.0013799359476192288
211 0.9968597189231017 0.0017505188863272026 0.0013897621905561892
212 0.9968335878244856 0.001766834364715579 0.001399577810783982
213 0.9968073973020345 0.0017832205303311443 0.0014093821676200644
214 0.996781148099023 0.0017996772798572242 0.0014191746211044153
215 0.9967548409587007 0.0018162045092437026 0.001428954532041231
216 0.9967284766242406 0.0018328021137046001 0.001438721262040549
217 0.9967020558387113 0.0018494699877156717 0.0014484741735598492
218 0.9966755793450283 0.0018662080250120615 0.0014582126299455714
219 0.9966490478859263 0.0018830161185858908 0.001467935995474606
220 0.9966224622039069 0.0018998941606839406 0.0014776436353957007
221 0.9965958230412101 0.0019168420428052853 0.00148733491597082
222 0.9965691311397712 0.0019338596556989684 0.0014970092045164386
223 0.9965423872411794 0.0019509468893616896 0.0015066658694447572
224 0.9965155920866451 0.001968103633035504 0.001516304280304864
225 0.9964887464169556 0.0019853297752055136 0.0015259238078238128
226 0.9964618509724399 0.0020026252035976193 0.0015355238239476315
227 0.9964349064929263 0.002019989805176228 0.0015451037018822484
228 0.9964079137177079 0.002037423466142031 0.0015546628161343403
229 0.9963808733855015 0.0020549260719297533 0.0015642005425520991
230 0.9963537862344121 0.0020724975072059426 0.0015737162583659117
231 0.9963266530018886 0.002090137655866761 0.0015832093422289456
232 0.9962994744246915 0.0021078464010358127 0.001592679174257654
233 0.9962722512388517 0.002125623625061943 0.0016021251360721807
234 0.9962449841796313 0.0021434692095171023 0.0016115466108366705
235 0.9962176739814929 0.002161383035194202 0.001620942983299475
236 0.9961903213780481 0.002179364982104993 0.0016303136398332758
237 0.9961629271020335 0.002197414929477945 0.0016396579684750763
238 0.9961354918852648 0.0022155327557561613 0.0016489753589660973
239 0.9961080164586001 0.00223371833859531 0.0016582652027915868
240 0.9960805015519049 0.0022519715548615584 0.0016675268932204736
241 0.9960529478940113 0.002270292280629544 0.001676759825344955
242 0.9960253562126854 0.002288680391180327 0.001685963396119918
243 0.9959977272345846 0.0023071357609994207 0.00169513700440229
244 0.9959700616852208 0.0023256582637747824 0.001704280050990225
245 0.9959423602889277 0.0023442477723948493 0.0017133919386621873
246 0.9959146237688217 0.0023629041589465854 0.0017224720722159225
247 0.995886852846763 0.002381627294713563 0.0017315198585072548
248 0.9958590482433212 0.0024004170501740456 0.0017405347064887947
249 0.9958312106777354 0.002419273294999085 0.001749516027248487
250 0.9958033408678852 0.0024381958980506627 0.001758463234048035
251 0.9957754395302425 0.002457184727379827 0.0017673757423611767
252 0.9957475073798465 0.002476239650224859 0.0017762529699118373
253 0.9957195451302632 0.002495360533009481 0.0017850943367120852
254 0.9956915534935433 0.0025145472413410316 0.0017938992651000206
255 0.9956635331801985 0.002533799640008714 0.0018026671797774462
256 0.9956354848991555 0.002553117592981825 0.001811397507847415
257 0.995607409357727 0.002572500963408061 0.0018200896788516184
258 0.9955793072615664 0.0025919496136117648 0.0018287431248076313
259 0.9955511793146458 0.002611463405092267 0.001837357280245964
260 0.9955230262192147 0.0026310421985222157 0.0018459315822469985
261 0.9954948486757609 0.0026506858537459206 0.0018544654704777189
262 0.9954666473829779 0.00267039422977774 0.0018629583872282998
263 0.9954384230377347 0.0026901671848004877 0.0018714097774485102
264 0.9954101763350351 0.0027100045761638365 0.0018798190887839646
265 0.99538190796799 0.0027299062603827746 0.0018881857716121868
266 0.9953536186277705 0.00274987209313608 0.0018965092790784992
267 0.9953253090035881 0.0027699019292647996 0.001904789067131739
268 0.9952969797826537 0.002789995622770769 0.0019130245945597883
269 0.9952686316501439 0.002810153026815153 0.0019212153230249319
270 0.9952402652891679 0.0028303739937170125 0.0019293607170990108
271 0.9952118813807331 0.002850658374951882 0.0019374602442984049
272 0.9951834806037142 0.0028710060211503763 0.0019455133751188234
273 0.9951550636348179 0.0028914167820968287 0.0019535195830698957
274 0.9951266311485483 0.0029118905067279676 0.00196147834470957
275 0.9950981838171763 0.002932427043131565 0.001969389139678339
276 0.995069722310708 0.0029530262385451776 0.0019772514507332213
277 0.9950412472968488 0.002973687939354875 0.0019850647637815735
278 0.9950127594409774 0.0029944119910939736 0.0019928285679146934
279 0.9949842594061024 0.0030151982384418598 0.0020005423554412404
280 0.9949557478528424 0.0030360465252227678 0.002008205621920383
281 0.9949272254393853 0.0030569566944046362 0.0020158178661948065
282 0.994898692821463 0.0030779285880979616 0.0020233785904234854
283 0.9948701506523154 0.0030989620475546926 0.0020308873001142168
284 0.9948415995826616 0.0031200569131671317 0.0020383435041559797
285 0.9948130402606661 0.0031412130244669067 0.0020457467148510505
286 0.9947844733319127 0.0031624302201238995 0.0020530964479468948
287 0.9947558994393699 0.0031837083379452785 0.002060392222667847
288 0.9947273192233606 0.0032050472148744944 0.002067633561746587
289 0.9946987333215358 0.003226446686990361 0.002074819991455339
290 0.994670142368838 0.0032479065895060955 0.0020819510416368882
291 0.9946415469974774 0.00326942675676845 0.002089026245735348
292 0.9946129478368986 0.003291007022256838 0.0020960451408266836
293 0.9945843455137514 0.0033126472185825047 0.0021030072676490393
294 0.994555740651863 0.003334347177487696 0.002109912170632783
295 0.9945271338722075 0.0033561067298448965 0.0021167593979303477
296 0.9944985257928807 0.0033779257056560687 0.0021235485014458135
297 0.9944699170290654 0.0033998039340519233 0.0021302790368642587
298 0.9944413081930107 0.0034217412432912377 0.002136950563680845
299 0.9944126998939928 0.003443737460760176 0.002143562645229696
300 0.9943840927382988 0.0034657924129716587 0.0021501148487124973
301 0.9943554873291909 0.0034879059255647576 0.002156606745226861
302 0.9943268842668842 0.0035100778233041084 0.0021630379097944056
303 0.9942982841485151 0.0035323079300793674 0.0021694079213886463
304 0.9942696875681154 0.0035545960689046903 0.0021757163629625726
305 0.994241095116589 0.0035769420619182514 0.002181962821475994
306 0.9942125073816783 0.003599345730381778 0.0021881468879226262
307 0.9941839249479454 0.0036218068946801225 0.0021942681573569127
308 0.9941553483967409 0.003644325374320861 0.002200326228920588
309 0.9941267783061795 0.0036669009879339337 0.0022063207058689595
310 0.9940982152511144 0.0036895335532713125 0.0022122511955969663
311 0.9940696598031109 0.003712222887206675 0.0022181173096649095
312 0.9940411125304237 0.0037349688057351556 0.002223918663823985
313 0.9940125739979672 0.0037577711239730723 0.0022296548780414683
314 0.9939840447672978 0.003780629656157759 0.002235325576525694
315 0.9939555253965826 0.0038035442156473366 0.0022409303877507264
316 0.9939270164405803 0.003826514614920578 0.0022464689444807507
317 0.9938985184506102 0.003849540665576826 0.00225194088379422
318 0.9938700319745382 0.0038726221783358596 0.002257345847107686
319 0.9938415575567439 0.003895758963037863 0.0022626834801993613
320 0.993813095738105 0.003918950828643396 0.002267953433232418
321 0.9937846470559695 0.003942197583233421 0.0022731553607779837
322 0.9937562120441334 0.003965499034009329 0.002278288921837858
323 0.9937277912328202 0.0039888549872930164 0.002283353779866939
324 0.9936993851486573 0.004012265248527004 0.002288349602795378
325 0.9936709943146543 0.004035729622274569 0.002293276063050413
326 0.9936426192501817 0.0040592479122199205 0.002298132837577951
327 0.9936142604709466 0.004082819921168402 0.0023029196078638205
328 0.9935859184889763 0.004106445451046736 0.0023076360599547734
329 0.9935575938125953 0.0041301243029033055 0.0023122818844791408
330 0.9935292869464023 0.004153856276908429 0.0023168567766672357
331 0.9935009983912527 0.0041776411723547305 0.0023213604363714526
332 0.9934727286442361 0.004201478787657515 0.002325792568086026
333 0.9934444781986592 0.00422536892035513 0.0023301528809665482
334 0.9934162475440225 0.004249311367109454 0.0023344410888491533
335 0.9933880371660047 0.0042733059237063525 0.002338656910269399
336 0.9933598475464448 0.004297352385056189 0.00234280006848085
337 0.9933316791633142 0.004321450545194343 0.002346870291473356
338 0.9933035324907076 0.004345600197281826 0.0023508673119910315
339 0.9932754079988243 0.004369801133605853 0.0023547908675499067
340 0.993247306153944 0.004394053145580505 0.0023586407004552975
341 0.9932192274184132 0.004418356023747409 0.0023624165578188337
342 0.9931911722506267 0.004442709557776437 0.002366118191575229
343 0.9931631411050129 0.0044671135364664685 0.0023697453584986578
344 0.993135134432013 0.0044915677477461585 0.002373297820218907
345 0.9931071526780663 0.0045160719786747575 0.0023767753432371503
346 0.9930791962855939 0.004540626015442968 0.002380177698941437
347 0.9930512656929836 0.004565229643373804 0.0023835046636218517
348 0.9930233613345701 0.004589882646923561 0.0023867560184853854
349 0.9929954836406258 0.004614584809682716 0.002389931549670434
350 0.9929676330373404 0.004639335914376959 0.0023930310482610357
351 0.9929398099468091 0.004664135742868191 0.002396054310300749
352 0.9929120147870162 0.0046889840761555985 0.002399001136806232
353 0.9928842479718221 0.004713880694376733 0.002401871333780495
354 0.9928565099109451 0.0047388253768086645 0.002404664712225812
355 0.992828801009954 0.004763817901869133 0.0024073810881563434
356 0.992801121670252 0.00478885804711775 0.002410020282610407
357 0.9927734722890597 0.004813945589257231 0.00241258212166243
358 0.9927458532594096 0.004839080304134682 0.0024150664364345803
359 0.9927182649701273 0.004864261966742876 0.00241747306310808
360 0.9926907078058212 0.0048894903512216375 0.002419801842934162
361 0.992663182146873 0.0049147652308591866 0.0024220526222447354
362 0.9926356883694208 0.004940086378093572 0.0024242252524626817
363 0.9926082268453517 0.004965453564514116 0.002426319590111867
364 0.9925807979422889 0.004990866560862871 0.002428335496826787
365 0.9925534020235796 0.0050163251370361995 0.0024302728393619014
366 0.9925260394482897 0.005041829062086275 0.002432131489600633
367 0.9924987105711889 0.005067378104222717 0.0024339113245640275
368 0.9924714157427422 0.005092972030814168 0.002435612226419078
369 0.9924441553090994 0.005118610608390015 0.002437234082486751
370 0.9924169296120838 0.005144293602642066 0.002438776785249625
371 0.9923897389891905 0.0051700207784262445 0.002440240232359242
372 0.9923625837735687 0.0051957918997644304 0.0024416243266430957
373 0.9923354642940174 0.0052216067298462305 0.00244292897611129
374 0.9923083808749803 0.005247465031030811 0.002444154093962878
375 0.9922813338365338 0.0052733665648488255 0.0024452995985918516
376 0.9922543234943761 0.005299311092004254 0.002446365413592788
377 0.992227350159832 0.005325298372376421 0.0024473514677661773
378 0.9922004141398297 0.005351328165021955 0.0024482576951233895
379 0.992173515736908 0.005377400228176812 0.0024490840348913396
380 0.9921466552492016 0.005403514319258348 0.0024498304315167794
381 0.9921198329704393 0.005429670194867384 0.002450496834670272
382 0.9920930491899365 0.005455867610790367 0.0024510831992498186
383 0.9920663041925892 0.005482106322001554 0.0024515894853841614
384 0.992039598258874 0.005508386082665146 0.002452015658435713
385 0.9920129316648352 0.00553470664613758 0.0024523616890032027
386 0.9919863046820817 0.0055610677649697935 0.00245262755292393
387 0.9919597175777908 0.005587469190909551 0.0024528132312756955
388 0.9919331706146947 0.005613910674903753 0.0024529187103784216
389 0.9919066640510803 0.00564039196710085 0.002452943981795395
390 0.991880198140789 0.005666912816853239 0.0024528890423341863
391 0.9918537731332091 0.00569347297271977 0.002452753894047224
392 0.9918273892732747 0.005720072182468138 0.0024525385442320394
393 0.9918010468014667 0.005746710193077496 0.0024522430054311696
394 0.9917747459538022 0.0057733867507409956 0.002451867295431705
395 0.991748486961842 0.0058001016008683605 0.0024514114372645194
396 0.9917222700526831 0.00582685448808854 0.0024508754592031407
397 0.9916960954489583 0.005853645156252378 0.002450259394762302
398 0.9916699633688416 0.005880473348435319 0.002449563282696123
399 0.9916438740260354 0.005907338806940116 0.002448787166995996
400 0.991617827629783 0.005934241273299677 0.002447931096888093
401 0.9915918243848595 0.005961180488279807 0.00244699512683055
402 0.9915658644915786 0.0059881561918820716 0.002445979316510309
403 0.9915399481457836 0.00601516812334671 0.0024448837308396394
404 0.9915140755388618 0.006042216021155503 0.0024437084399522814
405 0.9914882468577354 0.0060692996230347915 0.002442453519199284
406 0.9914624622848676 0.006096418665958399 0.002441119049144506
407 0.9914367219982587 0.006123572886150693 0.0024397051155597466
408 0.9914110261714597 0.006150762019089626 0.002438211809419579
409 0.9913853749735639 0.006177985799509851 0.0024366392268958146
410 0.9913597685692115 0.006205243961405826 0.0024349874693516665
411 0.9913342071185989 0.006232536238034995 0.002433256643335517
412 0.9913086907774743 0.006259862361920982 0.0024314468605744254
413 0.9912832196971462 0.0062872220648568095 0.0024295582379672267
414 0.9912577940244848 0.006314615077908186 0.002427590897577358
415 0.9912324139019285 0.006342041131416821 0.0024255449666252997
416 0.9912070794674861 0.006369499955003727 0.00242342057748072
417 0.9911817908547449 0.006396991277572603 0.00242121786765425
418 0.991156548192869 0.006424514827313259 0.002418936979788966
419 0.9911313516066133 0.006452070331705056 0.0024165780616515063
420 0.991106201216327 0.00647965751752034 0.0024141412661228723
421 0.9910810971379542 0.0065072761108280214 0.0024116267511888876
422 0.9910560394830438 0.006534925836997061 0.0024090346799303377
423 0.9910310283587573 0.006562606420700052 0.002406365220512772
424 0.991006063867877 0.006590317585916867 0.0024036185461759753
425 0.9909811461088087 0.006618059055938268 0.0024007948352231176
426 0.9909562751755907 0.006645830553369638 0.002397894271009563
427 0.9909314511579039 0.006673631800134589 0.0023949170419313628
428 0.9909066741410784 0.006701462517478852 0.0023918633414134164
429 0.9908819442061001 0.006729322425973919 0.0023887333678973078
430 0.9908572614296223 0.006757211245520948 0.002385527324828815
431 0.9908326258839733 0.006785128695354573 0.0023822454206450954
432 0.9908080376371637 0.006813074494046789 0.002378887868761544
433 0.9907834967529039 0.006841048359510872 0.0023754548875583384
434 0.9907590032906002 0.006869050009005315 0.0023719467003666577
435 0.9907345573053807 0.006897079159137815 0.0023683635354545584
436 0.9907101588480913 0.0069251355258692785 0.0023647056260125815
437 0.9906858079653152 0.0069532188245178496 0.0023609732101389828
438 0.9906615046993837 0.0069813287697629975 0.002357166530824683
439 0.9906372490883841 0.007009465075649647 0.0023532858359378702
440 0.9906130411661722 0.007037627455592291 0.0023493313782083263
441 0.990588880962383 0.007065815622379176 0.0023453034152114
442 0.9905647685024455 0.007094029288176514 0.0023412022093516876
443 0.9905407038075928 0.007122268164532701 0.002337028027846383
444 0.9905166868948798 0.007150531962382581 0.002332781142708342
445 0.9904927177771902 0.007178820392051758 0.002328461830728797
446 0.9904687964632506 0.007207133163260926 0.002324070373459791
447 0.9904449229576446 0.007235469985130215 0.0023196070571963124
448 0.9904210972608296 0.007263830566183645 0.002315072172958077
449 0.9903973193691475 0.007292214614353447 0.0023104660164710426
450 0.9903735892748387 0.007320621836984592 0.0023057888881486063
451 0.9903499069660588 0.007349051940839278 0.0023010410930725013
452 0.9903262724268962 0.0073775046321014025 0.0022962229409733627
453 0.9903026856373776 0.007405979616381149 0.0022913347462110503
454 0.9902791465734953 0.007434476598719526 0.002286376827754604
455 0.9902556552072141 0.007462995283593014 0.002281349509161946
456 0.990232211506493 0.007491535374918157 0.002276253118559267
457 0.990208815435293 0.007520096576056309 0.0022710879886201135
458 0.9901854669536077 0.007548678589818196 0.0022658544565441986
459 0.9901621660174649 0.007577281118468794 0.00226055286403588
460 0.9901389125789548 0.007605903863731948 0.002255183557282401
461 0.9901157065862414 0.007634546526795251 0.0022497468869317897
462 0.9900925479835825 0.007663208808314822 0.002244243208070485
463 0.9900694367113462 0.00769189040842013 0.0022386728802006872
464 0.9900463727060307 0.0077205910267188855 0.002233036267217407
465 0.9900233559002791 0.007749310362301941 0.0022273337373852377
466 0.9900003862229036 0.0077780481137481915 0.0022215656633148275
467 0.9899774635988974 0.007806803979129557 0.002215732421939099
468 0.9899545879494625 0.007835577656015955 0.002209834394489148
469 0.9899317591920181 0.007864368841480313 0.0022038719664699033
470 0.989908977240229 0.007893177232103614 0.0021978455276354856
471 0.9898862420040254 0.007922002523979909 0.002191755471964283
472 0.9898635533896148 0.007950844412721479 0.0021856021976337714
473 0.9898409112995118 0.007979702593463912 0.002179386106995065
474 0.9898183156325513 0.008008576760871276 0.00217310760654715
475 0.9897957662839167 0.008037466609141253 0.0021667671069109202
476 0.9897732631451562 0.008066371832010366 0.0021603650228028915
477 0.9897508061042016 0.008095292122759206 0.0021539017730086525
478 0.9897283950453954 0.008124227174217662 0.002147377780356085
479 0.9897060298495115 0.008153176678770205 0.002140793471688282
480 0.9896837103937729 0.008182140328361195 0.0021341492778362316
481 0.9896614365518781 0.008211117814500214 0.002127445633591229
482 0.9896392081940248 0.008240108828267385 0.002120682977677022
483 0.9896170251869283 0.008269113060318805 0.002113861752721733
484 0.9895948873938474 0.008298130200891903 0.002106982405229487
485 0.9895727946746065 0.008327159939810851 0.0021000453855518184
486 0.9895507468856202 0.008356201966492081 0.002093051147858806
487 0.9895287438799104 0.008385255969949691 0.0020860001501099784
488 0.9895067855071439 0.008414321638801016 0.0020788928540249473
489 0.9894848716136442 0.008443398661272052 0.0020717297250538213
490 0.989463002042419 0.008472486725203112 0.0020645112323473616
491 0.9894411766331889 0.008501585518054303 0.002057237848726902
492 0.9894193952224057 0.008530694726911184 0.0020499100506540385
493 0.9893976576432815 0.008559814038490302 0.0020425283182000527
494 0.9893759637258103 0.00858894313914495 0.0020350931350151358
495 0.9893543132968019 0.00861808171487071 0.002027604988297353
496 0.9893327061798979 0.008647229451311196 0.0020200643687614
497 0.9893111421956001 0.008676386033763743 0.0020124717706071025
498 0.9892896211612974 0.008705551147185145 0.002004827691487709
499 0.9892681428912945 0.00873472447619738 0.0019971326324779446
500 0.9892467071968347 0.008763905705093404 0.0019893870980418624
501 0.9892253138861254 0.008793094517842905 0.001981591596000451
502 0.9892039627643714 0.008822290598098149 0.001973746637499039
503 0.9891826536337935 0.008851493629199767 0.0019658527369744616
504 0.9891613862936622 0.008880703294182694 0.0019579104121220476
505 0.9891401605403217 0.00890991927578191 0.0019499201838623654
506 0.9891189761672203 0.00893914125643846 0.0019418825763077578
507 0.9890978329649324 0.008968368918305266 0.0019337981167286758
508 0.9890767307211945 0.00899760194325312 0.0019256673355198314
509 0.9890556692209255 0.009026840012876583 0.001917490766166095
510 0.9890346482462613 0.009056082808500012 0.0019092689452082216
511 0.9890136675765774 0.009085330011183484 0.00190100241220839
512 0.9889927269885257 0.00911458130172884 0.0018926917097155179
513 0.9889718262560543 0.009143836360685706 0.0018843373832303886
514 0.9889509651504427 0.009173094868357507 0.0018759399811705936
515 0.9889301434403283 0.009202356504807541 0.0018675000548352824
516 0.9889093608917371 0.009231620949865052 0.0018590181583697063
517 0.9888886172681102 0.009260887883131346 0.0018504948487296138
518 0.9888679123303405 0.009290156983985862 0.0018419306856454103
519 0.9888472458367937 0.00931942793159233 0.0018333262315861963
520 0.9888266175433422 0.009348700404904884 0.0018246820517235705
521 0.9888060272034005 0.00937797408267425 0.0018159987138952924
522 0.9887854745679487 0.009407248643453887 0.0018072767885687476
523 0.9887649593855599 0.009436523765606183 0.0017985168488042628
524 0.9887444814024431 0.00946579912730872 0.0017897194702182386
525 0.9887240403624643 0.009495074406560396 0.0017808852309461132
526 0.9887036360071777 0.009524349281187712 0.00177201471160515
527 0.9886832680758627 0.009553623428851044 0.001763108495257106
528 0.9886629363055505 0.009582896527050869 0.001754167167370676
529 0.9886426404310542 0.009612168253134042 0.001745191315783848
530 0.9886223801850061 0.009641438284300132 0.001736181530666043
531 0.9886021552978845 0.009670706297607646 0.0017271384044801289
532 0.9885819654980471 0.00969997196998041 0.0017180625319442888
533 0.9885618105117632 0.0097292349782139 0.0017089545099937356
534 0.9885416900632464 0.009758494998981543 0.0016998149377422723
535 0.9885216038746868 0.009787751708841117 0.0016906444164437307
536 0.9885015516662766 0.009817004784241096 0.001681443549453229
537 0.9884815331562559 0.009846253901526996 0.0016722129421883345
538 0.9884615480609338 0.00987549873694785 0.0016629532020900786
539 0.9884415960947257 0.00990473896666254 0.0016536649385838183
540 0.9884216769701852 0.009933974266746224 0.0016443487630399907
541 0.9884017903980389 0.009963204313196788 0.0016350052887347294
542 0.9883819360872185 0.00999242878194124 0.0016256351308103591
543 0.9883621137448925 0.010021647348842193 0.0016162389062357545
544 0.9883423230764978 0.010050859689704294 0.001606817233766599
545 0.9883225637857818 0.01008006548028067 0.0015973707339055094
546 0.9883028355748271 0.010109264396279457 0.0015879000288620494
547 0.988283138144085 0.010138456113370217 0.0015784057425126403
548 0.9882634711924171 0.010167640307190497 0.0015688885003603409
549 0.9882438344171207 0.010196816653352264 0.0015593489294945413
550 0.9882242275139687 0.010225984827448499 0.0015497876585505346
551 0.9882046501772392 0.010255144505059568 0.0015402053176690079
552 0.988185102099753 0.010284295361759871 0.001530602538455393
553 0.9881655829729049 0.010313437073124349 0.0015209799539391679
554 0.9881460924866999 0.01034256931473498 0.0015113381985330423
555 0.9881266303297884 0.010371691762187362 0.0015016779079920321
556 0.9881071961894987 0.010400804091097256 0.001491999719372475
557 0.9880877897518707 0.010429905977107114 0.001482304270990954
558 0.9880684107016934 0.010458997095892701 0.0014725922023831207
559 0.9880490587225375 0.010488077123169601 0.0014628641542624434
560 0.9880297334967906 0.01051714573469979 0.0014531207684788886
561 0.9880104347056922 0.010546202606298287 0.0014433626879775132
562 0.9879911620293703 0.010575247413839677 0.0014335905567569882
563 0.9879719151468738 0.010604279833264695 0.0014238050198280472
564 0.9879526937362081 0.010633299540586845 0.0014140067231718872
565 0.9879334974743694 0.010662306211898991 0.0014041963136984647
566 0.9879143260373815 0.01069129952337995 0.001394374439204761
567 0.9878951791003321 0.010720279151301101 0.0013845417483329876
568 0.9878760563374045 0.010749244772032946 0.001374698890528714
569 0.9878569574219161 0.010778196062051793 0.0013648465159989546
570 0.9878378820263498 0.010807132697946333 0.0013549852756702008
571 0.9878188298223949 0.010836054356424247 0.0013451158211464046
572 0.9877998004809799 0.010864960714318792 0.0013352388046669167
573 0.9877807936723063 0.01089385144859549 0.0013253548790643798
574 0.9877618090658851 0.010922726236358692 0.0013154646977225767
575 0.9877428463305749 0.010951584754858183 0.001305568914534251
576 0.987723905134613 0.01098042668149586 0.0012956681838588715
577 0.987704985145655 0.011009251693832297 0.0012857631604803906
578 0.9876860860308108 0.011038059469593403 0.001275854499564949
579 0.9876672074566735 0.011066849686677023 0.00126594285661857
580 0.9876483490893639 0.011095622023159484 0.0012560288874448227
581 0.9876295105945636 0.011124376157302373 0.001246113248102454
582 0.9876106916375471 0.01115311176755905 0.0012361965948630138
583 0.9875918918832198 0.011181828532581229 0.0012262795841684645
584 0.9875731109961553 0.01121052613122568 0.0012163628725887668
585 0.9875543486406297 0.011239204242560814 0.0012064471167794546
586 0.9875356044806576 0.011267862545873227 0.001196532973439209
587 0.9875168781800269 0.011296500720674401 0.001186621099267438
588 0.9874981694023393 0.01132511844670724 0.0011767121509218173
589 0.9874794778110393 0.011353715403952719 0.0011668067849758676
590 0.9874608030694539 0.011382291272636427 0.0011569056578765139
591 0.9874421448408297 0.011410845733235187 0.0011470094259016582
592 0.9874235027883663 0.011439378466483699 0.0011371187451177573
593 0.9874048765752488 0.01146788915338101 0.0011272342713374071
594 0.9873862658646928 0.01149637747519718 0.0011173566600769507
595 0.9873676703199719 0.01152484311347984 0.001107486566514102
596 0.9873490896044594 0.011553285750060746 0.0010976246454455771
597 0.9873305233816574 0.011581705067062366 0.0010877715512447555
598 0.987311971315241 0.011610100746904412 0.0010779279378193617
599 0.9872934330690859 0.011638472472310379 0.0010680944585691836
600 0.987274908307308 0.011666819926314152 0.001058271766343804
601 0.9872563966943 0.011695142792266524 0.0010484605134003877
602 0.9872378978947639 0.011723440753841687 0.0010386613513614802
603 0.9872194115737495 0.011751713495043729 0.0010288749311728575
604 0.9872009373966912 0.011779960700213291 0.0010191019030614179
605 0.9871824750294387 0.011808182054033969 0.0010093429164931046
606 0.9871640241382965 0.011836377241538788 0.0009995986201308974
