0 0.03300473036297444 0.13346611726849386 0.2991063911206127 0.5344227612479192
1 0.03267931714158055 0.13359755224284514 0.298212599892855 0.5355105307227193
2 0.03235706678143631 0.13372764279630978 0.2973186493941052 0.5365966410281486
3 0.03203795254951567 0.13385639348682288 0.2964245625099641 0.5376810914536974
4 0.03172194786789356 0.13398380888973901 0.2955303619351357 0.5387638813072317
5 0.03140902631412674 0.1341098935972477 0.2946360701743173 0.5398450099143082
6 0.031099161621605004 0.13423465221779643 0.29374170954309825 0.5409244766175003
7 0.030792327679872993 0.1343580893755225 0.2928473021688672 0.5420022807757373
8 0.030488498534923168 0.1344802097096921 0.29195286999172787 0.5430784217636568
9 0.030187648389460524 0.13460101787414824 0.29105843476542187 0.5441528989709693
10 0.02988975160313949 0.13472051853676606 0.29016401805825937 0.5452257118018351
11 0.02959478269277359 0.13483871637891592 0.28926964125405663 0.5462968596742538
12 0.029302716332518297 0.1349556160949349 0.2883753255530801 0.5473663420194667
13 0.029013527354027742 0.1350712223916054 0.2874810919729968 0.5484341582813702
14 0.028727190746585512 0.13518553998764182 0.286586961349831 0.5495003079159417
15 0.0284436816572103 0.13529857361318487 0.28569295433892605 0.5505647903906787
16 0.028162975390736752 0.13541032800930317 0.2847990914159118 0.5516276051840483
17 0.027885047409871987 0.13552080792750265 0.28390539287767685 0.5526887517849486
18 0.02760987333522832 0.13563001812924322 0.2830118788433456 0.5537482296921827
19 0.027337428945332712 0.13573796338546296 0.2821185692552597 0.5548060384139446
20 0.02706769017661321 0.1358446484761094 0.28122548387996305 0.5558621774673141
21 0.02680063312336314 0.1359500781896784 0.2803326423091914 0.556916646377767
22 0.026536234037683223 0.13605425732275978 0.27944006396086474 0.5579694446786924
23 0.0262744693294023 0.13615719067959045 0.27854776808008275 0.5590205719109245
24 0.026015315565976957 0.13625888307161443 0.27765577374012446 0.5600700276222841
25 0.025758749472370578 0.13635933931704994 0.27676409984344863 0.561117811367131
26 0.025504747930912203 0.1364585642404629 0.27587276512269765 0.5621639227059272
27 0.025253287981135752 0.1365565626723485 0.27498178814170393 0.5632083612048118
28 0.02500434681959984 0.13665333944871805 0.2740911872964969 0.564251126435185
29 0.024757901799688835 0.13674889941069374 0.2732009808163126 0.5652922179733049
30 0.024513930431395353 0.1368432474041094 0.27231118676460414 0.5663316353998911
31 0.02427241038108483 0.13693638827911814 0.27142182304005386 0.5673693782997432
32 0.02403331947124241 0.13702832688980637 0.27053290737758556 0.5684054462613657
33 0.023796635680202585 0.13711906809381424 0.26964445734937814 0.5694398388766049
34 0.023562337141862094 0.1372086167519627 0.26875649036587945 0.5704725557402959
35 0.0233304021453763 0.13729697772788657 0.26786902367681986 0.5715035964499171
36 0.023100809134839632 0.13738415588767414 0.26698207437222693 0.5725329606052593
37 0.022873536708950266 0.13747015609951269 0.2660956593834388 0.5735606478080982
38 0.022648563620659593 0.1375549832333404 0.2652097954841181 0.5745866576618821
39 0.022425868776806787 0.13763864216050387 0.26432449929126456 0.5756109897714249
40 0.02220543123773882 0.13772113775342226 0.2634397872662275 0.5766336437426114
41 0.021987230216916304 0.13780247488525674 0.2625556757157168 0.5776546191821104
42 0.02177124508050554 0.13788265842958605 0.2616721807928129 0.5786739156970955
43 0.021557455346957122 0.1379616932600881 0.26078931849797604 0.5796915328949789
44 0.021345840686571374 0.13803958425022636 0.2599071046800533 0.5807074703831488
45 0.021136380921051134 0.1381163362729433 0.25902555503728425 0.5817217277687213
46 0.020929056023041986 0.13819195420035812 0.25814468511830485 0.5827343046582949
47 0.020723846115660523 0.13826644290347062 0.25726451032314973 0.5837452006577191
48 0.02052073147201075 0.1383398072518704 0.2563850459042514 0.5847544153718675
49 0.02031969251468914 0.13841205211345145 0.2555063069674383 0.585761948404421
50 0.020120709815278547 0.1384831823541321 0.25462830847293 0.5867677993576594
51 0.019923764093831273 0.1385532028375801 0.2537510652363295 0.5877719678322593
52 0.019728836218341712 0.13862211842494274 0.25287459192961337 0.5887744534271021
53 0.01953590720420881 0.13868993397458262 0.25199890308211903 0.5897752557390896
54 0.019344958213688597 0.13875665434181794 0.25112401308152865 0.5907743743629648
55 0.01915597055533718 0.13882228437866798 0.25024993617485064 0.5917718088911442
56 0.018968925683444424 0.13888682893360346 0.24937668646939765 0.5927675589135546
57 0.018783805197458644 0.13895029285130187 0.2485042779337607 0.5937616240174787
58 0.0186005908414026 0.13901268097240754 0.24763272439878142 0.5947540037874085
59 0.018419264503280932 0.13907399813329618 0.24676203955851894 0.5957446978049039
60 0.018239808214479625 0.13913424916584477 0.24589223697121476 0.5967337056484607
61 0.018062204149157393 0.13919343889720515 0.24502333006025268 0.5977210268933847
62 0.017886434623629526 0.13925157214958286 0.2441553321151158 0.5987066611116718
63 0.017712482095744362 0.13930865374002038 0.24328825629233913 0.5996906078718963
64 0.017540329164252577 0.1393646884801842 0.24242211561645827 0.6006728667391049
65 0.01736995856816973 0.13941968117615727 0.24155692298095427 0.6016534372747186
66 0.017201353186132053 0.13947363662823473 0.24069269114919395 0.6026323190364391
67 0.017034496035745986 0.1395265596307245 0.23982943275536628 0.6036095115781634
68 0.01686937027293149 0.1395784549717518 0.23896716030541387 0.6045850144499028
69 0.016705959191259574 0.13962932743306827 0.2381058861779613 0.6055588271977109
70 0.016544246221284017 0.1396791817898642 0.23724562262523746 0.6065309493636144
71 0.016384214929867778 0.1397280228105858 0.23638638177399438 0.607501380485552
72 0.016225849019504104 0.13977585525675573 0.2355281756264211 0.608470120097319
73 0.016069132327632716 0.1398226838827978 0.2346710160610528 0.6094371677285166
74 0.015914048825951137 0.13986851343586565 0.2338149148336755 0.6104025229045076
75 0.015760582619721526 0.1399133486556747 0.23295988357822564 0.6113661851463781
76 0.01560871794707311 0.13995719427433842 0.23210593380768496 0.6123281539709036
77 0.01545843917830046 0.14000005501620796 0.23125307691497055 0.6132884288905209
78 0.015309730815157838 0.14004193559771544 0.23040132417382012 0.6142470094133068
79 0.015162577490149754 0.1400828407272207 0.22955068673967155 0.6152038950429579
80 0.015016963965817988 0.14012277510486185 0.22870117565053863 0.6161590852787816
81 0.014872875134025187 0.14016174342240895 0.22785280182788029 0.6171125796156856
82 0.014730296015235348 0.14019975036312127 0.22700557607746608 0.6180643775441774
83 0.014589211757791189 0.14023680060160798 0.22615950909023574 0.6190144785503652
84 0.014449607637188774 0.14027289880369181 0.22531461144315335 0.619962882115966
85 0.014311469055349451 0.14030804962627647 0.2244708936000571 0.6209095877183171
86 0.0141747815398893 0.14034225771721656 0.22362836591250318 0.621854594830391
87 0.01403953074338627 0.14037552771519146 0.22278703862060478 0.6227979029208175
88 0.013905702442645164 0.14040786424958174 0.22194692185386525 0.6237395114539079
89 0.013773282537960629 0.14043927194034853 0.22110802563200652 0.6246794198896843
90 0.013642257052378343 0.14046975539791656 0.22027035986579188 0.6256176276839133
91 0.013512612130954466 0.1404993192230594 0.21943393435784342 0.6265541342881427
92 0.013384334040013643 0.14052796800678807 0.21859875880345436 0.6274889391497438
93 0.013257409166405557 0.1405557063302423 0.2177648427913953 0.6284220417119566
94 0.013131824016760309 0.14058253876458476 0.2169321958047159 0.629353441413939
95 0.013007565216742675 0.14060846987089787 0.21610082722154042 0.6302831376908191
96 0.012884619510305428 0.14063350420008325 0.2152707463158583 0.6312111299737528
97 0.012762973758941872 0.14065764629276448 0.21444196225830936 0.6321374176899843
98 0.012642614940937644 0.14068090067919156 0.21361448411696274 0.6330620002629082
99 0.012523530150622015 0.1407032718791486 0.21278832085809138 0.633984877112138
100 0.012405706597618771 0.14072476440186385 0.21196348134694062 0.6349060476535768
101 0.012289131606096765 0.14074538274592213 0.2111399743484909 0.6358255112994903
102 0.012173792614020344 0.14076513139918007 0.21031780852821616 0.6367432674585835
103 0.0120596771723997 0.14078401483868327 0.20949699245283512 0.6376593155360819
104 0.011946772944541263 0.14080203753058623 0.20867753459105864 0.6385736549338137
105 0.011835067705298342 0.14081920393007427 0.20785944331433082 0.6394862850502965
106 0.011724549340321988 0.1408355184812882 0.20704272689756453 0.6403972052808253
107 0.011615205845312292 0.14085098561725068 0.20622739351987193 0.6413064150175651
108 0.011507025325270204 0.14086560975979534 0.20541345126528965 0.642213913649645
109 0.011399995993749908 0.14087939531949753 0.2046009081234974 0.643119700563255
110 0.011294106172112 0.1408923466956078 0.20378977199053305 0.6440237751417472
111 0.011189344288777367 0.14090446827598685 0.2029800506695001 0.644926136765736
112 0.011085698878482087 0.14091576443704298 0.20217175187127162 0.6458267848132033
113 0.010983158581533255 0.1409262395436716 0.20136488321518797 0.646725718659607
114 0.010881712143065943 0.14093589794919614 0.20055945222974864 0.6476229376779892
115 0.010781348412301314 0.1409447439953116 0.19975546635329983 0.6485184412390874
116 0.010682056341806044 0.14095278201202954 0.19895293293471566 0.6494122287114485
117 0.0105838249867531 0.14096001631762545 0.19815185923407486 0.6503042994615464
118 0.010486643504183931 0.14096645121858728 0.19735225242333154 0.6511946528538972
119 0.010390501152272209 0.1409720910095663 0.19655411958698082 0.6520832882511806
120 0.010295387289589158 0.14097693997332955 0.19575746772271946 0.6529702050143618
121 0.01020129137437058 0.14098100238071398 0.19496230374210072 0.6538554025028147
122 0.010108202963785609 0.14098428249058254 0.19416863447118438 0.6547388800744476
123 0.010016111713207312 0.14098678454978142 0.19337646665118138 0.6556206370858297
124 0.009925007375485195 0.14098851279309987 0.19258580693909352 0.6565006728923215
125 0.009834879800219637 0.14098947144323035 0.1917966619083471 0.657378986848203
126 0.009745718933038414 0.14098966471073146 0.19100903804942287 0.6582555783068075
127 0.009657514814875267 0.14098909679399152 0.19022294177047921 0.6591304466206541
128 0.00957025758125068 0.14098777187919456 0.18943837939797178 0.6600035911415829
129 0.009483937461554844 0.14098569414028686 0.1886553571772667 0.6608750112208915
130 0.009398544778332928 0.14098286773894536 0.1878738812732497 0.6617447062094719
131 0.009314069946572679 0.14097929682454802 0.1870939577709297 0.6626126754579498
132 0.009230503472994438 0.14097498553414448 0.18631559267603737 0.6634789183168237
133 0.009147835955343589 0.1409699379924291 0.18553879191561945 0.6643434341366077
134 0.009066058081685516 0.14096415831171494 0.18476356133862698 0.6652062222679724
135 0.008985160629703132 0.14095765059190873 0.18398990671649937 0.6660672820618887
136 0.008905134465996997 0.14095041892048799 0.18321783374374356 0.6669266128697713
137 0.008825970545388107 0.14094246737247831 0.1824473480385081 0.6677842140436256
138 0.008747659910223365 0.14093380001043299 0.18167845514315234 0.6686400849361913
139 0.00867019368968382 0.140924420884413 0.18091116052481127 0.6694942249010918
140 0.008593563099095673 0.14091433403196882 0.1801454695759551 0.6703466332929804
141 0.00851775943924414 0.14090354347812264 0.17938138761494432 0.6711973094676889
142 0.00844277409569016 0.14089205323535264 0.17861891988658013 0.672046252782377
143 0.008368598538090046 0.14087986730357774 0.17785807156265016 0.6728934625956822
144 0.008295224319518055 0.1408669896701435 0.17709884774246928 0.673738938267869
145 0.008222643075791963 0.14085342430980946 0.17634125345341645 0.6745826791609821
146 0.008150846524801664 0.14083917518473707 0.17558529365146613 0.675424684638995
147 0.008079826465840809 0.14082424624447898 0.1748309732217162 0.6762649540679639
148 0.008009574778941538 0.1408086414259691 0.17407829697891025 0.6771034868161789
149 0.00794008342421235 0.1407923646535138 0.1733272696679563 0.6779402822543175
150 0.007871344441179089 0.14077541983878403 0.17257789596444062 0.6787753397555962
151 0.007803349948129141 0.1407578108808084 0.17183018047513748 0.6796086586959251
152 0.0077360921414588125 0.14073954166596686 0.17108412773851384 0.6804402384540605
153 0.007669563295023959 0.14072061606798592 0.1703397422252308 0.6812700784117593
154 0.007603755759493857 0.14070103794793418 0.16959702833864 0.6820981779539321
155 0.007538661961708364 0.14068081115421882 0.16885599041527544 0.6829245364687974
156 0.007474274404038396 0.1406599395225833 0.16811663272534233 0.6837491533480361
157 0.0074105856637497036 0.14063842687610528 0.1673789594732004 0.6845720279869446
158 0.007347588392370034 0.14061627702519586 0.16664297479784385 0.6853931597845903
159 0.007285275315059624 0.1405934937675992 0.1659086827733769 0.6862125481439642
160 0.007223639229985114 0.14057008088839346 0.1651760874094855 0.687030192472136
161 0.007162673007696838 0.14054604215999153 0.1644451926519045 0.687846092180407
162 0.0071023695905095595 0.14052138134214373 0.16371600238288148 0.6886602466844652
163 0.00704272199188664 0.14049610218193997 0.16298852042163578 0.6894726554045375
164 0.006983723295827647 0.1404702084138137 0.1622627505248147 0.6902833177655441
165 0.006925366656259452 0.1404437037595455 0.1615386963869445 0.6910922331972504
166 0.006867645296430799 0.14041659192826852 0.1608163616408786 0.6918994011344219
167 0.006810552508310361 0.1403888766164733 0.16009574985824138 0.6927048210169748
168 0.006754081651988325 0.14036056150801418 0.15937686454986838 0.6935084922901293
169 0.006698226155081457 0.14033165027411562 0.15865970916624245 0.6943104144045604
170 0.006642979512141741 0.14030214657338003 0.1579442870979269 0.6951105868165514
171 0.006588335284068504 0.14027205405179505 0.15723060167599404 0.6959090089881423
172 0.006534287097524122 0.1402413763427422 0.15651865617245053 0.6967056803872831
173 0.00648082864435327 0.14021011706700595 0.15580845380065939 0.6975006004879813
174 0.006427953681005712 0.14017827983278294 0.15509999771575772 0.6982937687704537
175 0.006375656027962684 0.14014586823569233 0.15439329101507154 0.6990851847212735
176 0.006323929569166829 0.14011288585878615 0.15368833673852678 0.6998748478335204
177 0.00627276825145571 0.1400793362725603 0.15298513786905665 0.7006627576069274
178 0.006222166083998916 0.14004522303496636 0.15228369733300606 0.7014489135480287
179 0.006172117137738726 0.1400105496914232 0.15158401800053214 0.702233315170306
180 0.00612261554483438 0.13997531977482974 0.15088610268600172 0.7030159619943341
181 0.006073655498109934 0.13993953680557777 0.15018995414838512 0.703796853547927
182 0.006025231250505701 0.1399032042915654 0.14949557509164726 0.704575989366282
183 0.005977337114533269 0.13986632572821037 0.14880296816513447 0.7053533689921221
184 0.005929967461734147 0.13982890459846495 0.14811213596395928 0.7061289919758414
185 0.00588311672214196 0.13979094437283016 0.14742308102938126 0.7069028578756464
186 0.005836779383748257 0.13975244850937063 0.1467358058491846 0.7076749662576965
187 0.0057909499919719 0.13971342045373009 0.14605031285805298 0.708445316696245
188 0.005745623149132043 0.1396738636391472 0.14536660443794125 0.7092139087737794
189 0.0057007935139247005 0.1396337814864716 0.14468468291844394 0.7099807420811598
190 0.005656455800902871 0.13959317740417998 0.14400455057716055 0.7107458162177566
191 0.005612604779960274 0.13955205478839353 0.14332620964005843 0.7115091307915877
192 0.005569235275818638 0.13951041702289452 0.14264966228183193 0.7122706854194549
193 0.005526342167518559 0.13946826747914384 0.14197491062625925 0.7130304797270783
194 0.005483920387913935 0.1394256095162989 0.14130195674655616 0.7137885133492309
195 0.005441964923169947 0.13938244648123144 0.1406308026657266 0.7145447859298719
196 0.005400470812264602 0.139338781708546 0.139961450356911 0.7152992971222782
197 0.005359433146493819 0.1392946185205985 0.1392939017437312 0.7160520465891765
198 0.005318847068980049 0.13924996022751499 0.13862815870063305 0.7168030340028719
199 0.005278707774184457 0.1392048101272112 0.13796422305322614 0.7175522590453782
200 0.005239010507422589 0.13915917150541135 0.13730209657862066 0.7182997214085456
201 0.00519975056438359 0.13911304763566826 0.13664178100576171 0.7190454207941863
202 0.005160923290652916 0.1390664417793832 0.13598327801576113 0.7197893569142029
203 0.005122524081238557 0.1390193571858257 0.13532658924222626 0.7205315294907095
204 0.005084548380100745 0.13897179709215426 0.13467171627158672 0.7212719382561582
205 0.005046991679685156 0.1389237647234369 0.13401866064341822 0.7220105829534599
206 0.005009849520459575 0.1388752632926717 0.13336742385076367 0.7227474633361051
207 0.004973117490454034 0.13882629600080787 0.13271800734045247 0.7234825791682853
208 0.004936791224804409 0.1387768660367673 0.13207041251341692 0.7242159302250113
209 0.004900866405299439 0.13872697657746536 0.13142464072500587 0.7249475162922292
210 0.004865338759931212 0.138676630787833 0.13078069328529662 0.7256773371669393
211 0.004830204062449035 0.13862583182083799 0.13013857145940402 0.7264053926573091
212 0.004795458131916754 0.13857458281750723 0.1294982764677874 0.7271316825827887
213 0.004761096832273446 0.13852288690694878 0.12885980948655498 0.7278562067742227
214 0.004727116071897502 0.13847074720637395 0.12822317164776648 0.7285789650739622
215 0.0046935118031741045 0.13841816682111965 0.1275883640397326 0.7292999573359736
216 0.004660280022066043 0.13836514884467124 0.12695538770731318 0.7300191834259496
217 0.0046274167676878955 0.13831169635868484 0.12632424365221268 0.7307366432214146
218 0.00459491812188355 0.13825781243301044 0.12569493283327343 0.7314523366118326
219 0.004562780208807036 0.13820350012571472 0.12506745616676695 0.7321662634987112
220 0.004530999194506688 0.13814876248310423 0.12444181452668307 0.7328784237957059
221 0.004499571286512585 0.13809360253974834 0.12381800874501682 0.7335888174287222
222 0.004468492733427295 0.13803802331850287 0.12319603961205337 0.7342974443360164
223 0.004437759824519879 0.13798202783053334 0.1225759078766511 0.7350043044682957
224 0.004407368889323155 0.13792561907533862 0.12195761424652221 0.735709397788816
225 0.0043773162972342025 0.13786880004077445 0.1213411593885116 0.7364127242734797
226 0.004347598457118105 0.13781157370307726 0.12072654392887398 0.7371142839109308
227 0.0043182118169148844 0.1377539430268879 0.1201137684535485 0.7378140767026486
228 0.0042891528632496645 0.13769591096527584 0.11950283350843198 0.7385121026630426
229 0.004260418121045995 0.13763748045976285 0.11889373959964994 0.7392083618195414
230 0.004232004153142351 0.13757865444034717 0.11828648719382578 0.7399028542126849
231 0.004203907559911799 0.13751943582552786 0.11768107671834839 0.7405955798962119
232 0.0041761249788847855 0.13745982752232894 0.11707750856163754 0.7412865389371488
233 0.004148653084375055 0.13739983242632345 0.11647578307340753 0.741975731415894
234 0.004121488587108684 0.13733945342165838 0.1158759005649295 0.7426631574263036
235 0.0040946282338561926 0.1372786933810786 0.11527786130929141 0.7433488170757736
236 0.0040680688070677505 0.13721755516595163 0.11468166554165668 0.7440327104853239
237 0.004041807124511431 0.13715604162629208 0.11408731345952072 0.7447148377896756
238 0.004015840038914512 0.1370941556007864 0.11349480522296634 0.7453951991373328
239 0.003990164437607812 0.1370318999168174 0.11290414095491702 0.7460737946906577
240 0.003964777242173039 0.13696927739048917 0.11231532074138864 0.7467506246259492
241 0.003939675408093124 0.13690629082665146 0.1117283446317397 0.7474256891335158
242 0.003914855924405555 0.13684294301892497 0.11114321263891982 0.7480989884177498
243 0.003890315813358654 0.13677923674972572 0.11055992473971679 0.7487705226971988
244 0.003866052130070822 0.13671517479029033 0.10997848087500184 0.749440292204637
245 0.0038420619621926965 0.1366507599007007 0.1093988809499736 0.7501082971871329
246 0.0038183424295722404 0.13658599482990896 0.10882112483440043 0.7507745379061184
247 0.0037948906839227175 0.13652088231576254 0.10824521236286108 0.7514390146374538
248 0.0037717039084935516 0.13645542508502906 0.10767114333498426 0.752101727671493
249 0.0037487793177440575 0.1363896258534214 0.10709891751568643 0.752762677313148
250 0.003726114157020009 0.13632348732562288 0.10652853463540814 0.753421863881949
251 0.003703705702233046 0.136257012195312 0.10595999439034919 0.754079287712106
252 0.0036815512595428884 0.13619020314518787 0.10539329644270215 0.7547349491525672
253 0.0036596481650423597 0.13612306284699505 0.10482844042088452 0.7553888485670779
254 0.0036379937844451815 0.13605559396154898 0.10426542591976973 0.7560409863342363
255 0.0036165855127765207 0.13598779913876058 0.10370425250091636 0.7566913628475465
256 0.0035954207740663147 0.13591968101766203 0.10314491969279654 0.7573399785154751
257 0.0035744970210452908 0.13585124222643144 0.10258742699102266 0.7579868337615007
258 0.003553811734843723 0.13578248538241816 0.10203177385857284 0.7586319290241653
259 0.0035333624246928685 0.13571341309216797 0.1014779597260152 0.7592752647571239
260 0.003513146627629091 0.13564402795144823 0.10092598399173083 0.7599168414291919
261 0.0034931619082006465 0.13557433254527296 0.10037584602213565 0.7605566595243908
262 0.0034734058581771007 0.13550432944792817 0.09982754515190051 0.7611947195419944
263 0.00345387609626139 0.13543402122299694 0.09928108068417085 0.7618310219965708
264 0.003434570267804478 0.13536341042338454 0.0987364518907845 0.7624655674180265
265 0.0034154860445226136 0.13529249959134365 0.09819365801248853 0.7630983563516454
266 0.0033966211242171616 0.13522129125849952 0.09765269825915504 0.7637293893581283
267 0.0033779732304969924 0.13514978794587515 0.09711357180999565 0.7643586670136322
268 0.0033595401125034105 0.1350779921639163 0.09657627781377487 0.7649861899098054
269 0.0033413195446376108 0.1350059064125169 0.09604081538902223 0.7656119586538234
270 0.003323309326290642 0.1349335331810438 0.09550718362424354 0.766235973868422
271 0.0033055072815758573 0.13486087494836235 0.09497538157813082 0.766858236191931
272 0.0032879112590638426 0.1347879341828611 0.09444540827977127 0.7674787462783037
273 0.0032705191315197963 0.1347147133424772 0.09391726272885513 0.7680975047971479
274 0.003253328795643351 0.1346412148747213 0.09339094389588246 0.7687145124337529
275 0.003236338171810818 0.13456744121670272 0.09286645072236879 0.7693297698891176
276 0.0032195452038198385 0.13449339479515454 0.09234378212105004 0.7699432778799757
277 0.0032029478586364157 0.13441907802645853 0.09182293697608587 0.7705550371388193
278 0.003186544126144325 0.13434449331667023 0.09130391414326271 0.7711650484139226
279 0.0031703320188968863 0.1342696430615442 0.09078671245019518 0.7717733124693638
280 0.003154309571871052 0.13419452964655867 0.09027133069652676 0.7723798300850435
281 0.0031384748422238406 0.13411915544694067 0.08975776765412967 0.7729846020567057
282 0.0031228259090510598 0.13404352282769108 0.08924602206730348 0.7735876291959544
283 0.003107360873148321 0.1339676341436094 0.08873609265297289 0.7741889123302692
284 0.0030920778567743302 0.13389149173931902 0.08822797810088467 0.7747884523030217
285 0.0030769750034164243 0.13381509794929167 0.08772167707380348 0.7753862499734885
286 0.00306205047755835 0.13373845509787263 0.0872171882077069 0.775982306216862
287 0.0030473024644502656 0.13366156549930563 0.08671451011197945 0.7765766219242647
288 0.0030327291698809492 0.13358443145775745 0.08621364136960598 0.7771691980027555
289 0.003018328819952186 0.13350705526734302 0.08571458053736375 0.7777600353753413
290 0.0030040996608553384 0.13342943921215 0.0852173261460139 0.7783491349809808
291 0.0029900399586500676 0.1333515855662638 0.08472187670049212 0.778936497774594
292 0.0029761479990451957 0.13327349659379228 0.08422823068009828 0.7795221247270641
293 0.002962422087181688 0.13319517454889038 0.08373638653868526 0.7801060168252427
294 0.002948860547417746 0.13311662167578484 0.08324634270484686 0.7806881750719505
295 0.002935461723115992 0.13303784020879916 0.08275809758210523 0.7812686004859797
296 0.0029222239764327253 0.13295883237237802 0.08227164954909698 0.7818472941020923
297 0.0029091456881092433 0.13287960038111205 0.08178699695975888 0.7824242569710198
298 0.0028962252572651962 0.13280014643976246 0.08130413814351259 0.7829994901594599
299 0.0028834611011939806 0.13272047274328558 0.08082307140544844 0.7835729947500718
300 0.0028708516551601377 0.1326405814768577 0.0803437950265089 0.7841447718414734
301 0.002858395372198743 0.1325604748158992 0.0798663072636706 0.7847148225482313
302 0.002846090722916791 0.1324801549260996 0.07939060635012629 0.7852831480008573
303 0.002833936195296528 0.13239962396344163 0.0789166904954654 0.7858497493457967
304 0.0028219302945007413 0.13231888407422596 0.07844455788585425 0.7864146277454189
305 0.0028100715426799872 0.13223793739509582 0.07797420668421551 0.7869777843780087
306 0.0027983584787817225 0.13215678605306103 0.07750563503040661 0.7875392204377507
307 0.002786789658361356 0.13207543216552287 0.07703884104139772 0.7880989371347181
308 0.002775363653395173 0.1319938778402982 0.07657382281144887 0.7886569356948578
309 0.0027640790520951407 0.131912125175644 0.07611057841228641 0.7892132173599744
310 0.0027529344587255674 0.13183017626028157 0.07564910589327867 0.7897677833877143
311 0.0027419284934216033 0.131748033173421 0.07518940328161096 0.7903206350515464
312 0.002731059792009572 0.1316656979847855 0.07473146858246008 0.790871773640745
313 0.0027203270058291074 0.13158317275463552 0.07427529977916755 0.7914212004603678
314 0.002709728801557096 0.13150045953379327 0.07382089483341295 0.7919689168312369
315 0.0026992638610333934 0.1314175603636667 0.07336825168538588 0.792514924089914
316 0.0026889308810883177 0.13133447727627398 0.07291736825395771 0.79305922358868
317 0.0026787285733718856 0.13125121229426748 0.07246824243685239 0.7936018166955082
318 0.0026686556641847955 0.13116776743095804 0.07202087211081673 0.7941427047940406
319 0.0026587108943111324 0.13108414469033913 0.07157525513178994 0.7946818892835599
320 0.0026488930188527772 0.13100034606711097 0.07113138933507265 0.7952193715789635
321 0.0026392008070655246 0.1309163735467047 0.07068927253549515 0.7957551531107346
322 0.0026296330421968633 0.13083222910530629 0.07024890252758494 0.7962892353249118
323 0.00262018852132544 0.13074791470988084 0.06981027708573394 0.7968216196830598
324 0.002610866055202169 0.13066343231819652 0.06937339396436466 0.7973523076622367
325 0.002601664468092976 0.13057878387884853 0.06893825089809605 0.7978813007549624
326 0.002592582597623176 0.13049397133128313 0.06850484560190863 0.798408600469185
327 0.00258361929462346 0.13040899660582173 0.06807317577130889 0.7989342083282458
328 0.0025747734229774706 0.13032386162368478 0.06764323908249334 0.7994581258708444
329 0.002566043859470974 0.1302385682970157 0.06721503319251165 0.7999803546510016
330 0.0025574294936425894 0.13015311852890468 0.0667885557394294 0.8005008962380232
331 0.0025489292276360837 0.1300675142134129 0.06636380434249015 0.8010197522164612
332 0.0025405419760542035 0.1299817572355961 0.06594077660227678 0.8015369241860729
333 0.0025322666658140437 0.1298958494715286 0.06551947010087264 0.8020524137617848
334 0.00252410223600392 0.12980979278832705 0.06509988240202157 0.8025662225736475
335 0.0025160476377417565 0.1297235890441744 0.06468201105128775 0.8030783522667961
336 0.0025081018340349552 0.12963724008834346 0.06426585357621481 0.8035888045014068
337 0.0025002637996417486 0.1295507477612209 0.06385140748648428 0.8040975809526532
338 0.0024925325209340056 0.129464113894331 0.06343867027407368 0.8046046833106615
339 0.0024849069957614996 0.12937734031035913 0.06302763941341379 0.8051101132804658
340 0.0024773862333176094 0.12929042882317582 0.06261831236154555 0.805613872581961
341 0.0024699692540064437 0.1292033812378605 0.062210686558276385 0.8061159629498567
342 0.002462655089311377 0.12911619935072466 0.06180475942633566 0.8066163861336282
343 0.002455442781664993 0.12902888494933615 0.06140052837153004 0.8071151438974687
344 0.002448331384320405 0.1289414398125425 0.06099799078289792 0.8076122380202393
345 0.002441319961223959 0.1288538657104945 0.060597144032863495 0.808107670295418
346 0.0024344075868892954 0.12876616440467026 0.060197985477390276 0.8086014425310504
347 0.00242759334627276 0.12867833764789813 0.05980051245613385 0.8090935565496953
348 0.0024208763346501615 0.12859038718438093 0.059404722292594435 0.8095840141883746
349 0.002414255657494836 0.12850231474971915 0.05901061229426848 0.8100728172985177
350 0.0024077304303570498 0.1284141220709347 0.058618179752800134 0.8105599677459082
351 0.002401299778744685 0.12832581086649422 0.05822742194413184 0.8110454674106293
352 0.0023949628380052195 0.1282373828463329 0.057838336128654605 0.8115293181870071
353 0.0023887187532089975 0.1281488397118777 0.05745091955135766 0.8120115219835556
354 0.0023825666790337433 0.12806018315607115 0.057065169441977495 0.8124920807229177
355 0.002376505779650352 0.12797141486339447 0.0566810830151465 0.8129709963418088
356 0.00237053522860991 0.12788253650989134 0.05629865747054105 0.8134482707909576
357 0.0023646542087319544 0.1277935497631913 0.05591788999302896 0.8139239060350478
358 0.002358861911993947 0.12770445628253285 0.055538777752816536 0.8143979040526567
359 0.0023531575394219596 0.1276152577187874 0.05516131790559501 0.8148702668361956
360 0.0023475403009825626 0.12752595571448236 0.05478550759268652 0.8153409963918486
361 0.002342009415475889 0.12743655190382447 0.05441134394118948 0.8158100947395102
362 0.002336564110429884 0.12734704791272342 0.054038824064123525 0.8162775639127231
363 0.002331203621995714 0.12725744535881506 0.05366794506057386 0.8167434059586154
364 0.0023259271948443284 0.12716774585148471 0.05329870401583513 0.817207622937836
365 0.0023207340820641685 0.12707795099189056 0.05293109800155474 0.8176702169244907
366 0.0023156235450600047 0.12698806237298713 0.05256512407587572 0.8181311900060768
367 0.0023105948534528978 0.12689808157954843 0.05220077928357902 0.8185905442834196
368 0.0023056472849812626 0.12680801018819116 0.051838060656225246 0.8190482818706024
369 0.002300780125403045 0.12671784976739822 0.05147696521229601 0.8195044048949027
370 0.0022959926683989796 0.12662760187754185 0.051117489957334644 0.8199589154967244
371 0.0022912842154769264 0.126537268070907 0.05075963188408651 0.8204118158295296
372 0.0022866540758772792 0.1264468498917144 0.05040338797263868 0.8208631080597696
373 0.0022821015664794327 0.12635634887614391 0.05004875519055922 0.8213127943668173
374 0.0022776260117092976 0.12626576655235794 0.049695730493035876 0.821760876942897
375 0.0022732267434478494 0.12617510444052418 0.0493443108230143 0.8222073579930138
376 0.002268903100940714 0.1260843640528393 0.048994493111335774 0.8226522397348843
377 0.002264654430708767 0.12599354689355183 0.04864627427687439 0.8230955243988649
378 0.0022604800864597387 0.12590265445898552 0.04829965122667376 0.8235372142278811
379 0.0022563794290008246 0.12581168823756234 0.04795462085608317 0.8239773114773536
380 0.00225235182615228 0.12572064970982588 0.04761118004889333 0.8244158184151285
381 0.0022483966526619928 0.12562954034846413 0.04726932567747145 0.8248527373214022
382 0.002244513290121034 0.1255383616183331 0.046929054602895995 0.82528807048865
383 0.002240701126880155 0.1254471149764794 0.04659036367509081 0.8257218202215497
384 0.0022369595579672546 0.12535580187216383 0.0462532497329588 0.8261539888369103
385 0.002233287985005765 0.12526442374688423 0.04591770960451509 0.8265845786635949
386 0.002229685816133993 0.12517298203439867 0.04558374010701971 0.8270135920424477
387 0.0022261524659253655 0.12508147816074844 0.04525133804710966 0.8274410313262166
388 0.0022226873553096004 0.12498991354428117 0.044920500220930665 0.8278668988794785
389 0.002219289911494778 0.124898289595674 0.044591223414268286 0.8282911970785628
390 0.002215959567890306 0.12480660771795647 0.04426350440267854 0.8287139283114748
391 0.002212695764030779 0.12471486930653353 0.04393733995161807 0.8291350949778177
392 0.0022094979455007076 0.12462307574920886 0.0436127268165738 0.8295546994887166
393 0.0022063655638601253 0.12453122842620756 0.043289661743192064 0.8299727442667402
394 0.0022032980765710475 0.1244393287101994 0.042968141467407274 0.8303892317458224
395 0.002200294946924786 0.12434737796632163 0.04264816271556998 0.8308041643711834
396 0.002197355643970113 0.12425537755220215 0.042329722204574635 0.8312175445992531
397 0.0021944796424422488 0.12416332881798231 0.04201281664198657 0.8316293748975887
398 0.002191666422692684 0.1240712331063401 0.04169744272616881 0.8320396577447982
399 0.0021889154706198188 0.12397909175251295 0.041383597146408053 0.8324483956304591
400 0.0021862262776004104 0.12388690608432068 0.04107127658304041 0.8328555910550387
401 0.0021835983404218185 0.12379467742218844 0.040760477707576445 0.8332612465298133
402 0.0021810311612150586 0.12370240707916985 0.040451197182825915 0.8336653645767892
403 0.0021785242473886203 0.1236100963609697 0.04014343166302179 0.8340679477286199
404 0.002176077111563079 0.12351774656596684 0.039837177793943926 0.834468998528526
405 0.002173689271506469 0.12342535898523725 0.03953243221304223 0.8348685195302141
406 0.002171360250070422 0.12333293490257684 0.039229191549559186 0.8352665132977934
407 0.0021690895751270583 0.12324047559452428 0.03892745242465206 0.8356629824056967
408 0.0021668767795066206 0.12314798233038401 0.0386272114515145 0.8360579294385948
409 0.002164721400935854 0.12305545637224907 0.03832846523549763 0.8364513569913176
410 0.002162622981977105 0.1229628989750237 0.03803121037423064 0.8368432676687685
411 0.002160581069968157 0.12287031138644663 0.03773544345774099 0.8372336640858442
412 0.0021585952169627704 0.12277769484711357 0.037441161068573904 0.8376225488673497
413 0.0021566649796719364 0.12268505059050006 0.03714835978191157 0.8380099246479162
414 0.0021547899194058304 0.12259237984298454 0.03685703616569167 0.838395794071918
415 0.0021529696020164578 0.1224996838238708 0.036567186780725514 0.8387801597933874
416 0.0021512035978409876 0.12240696374541102 0.03627880818081563 0.8391630244759325
417 0.0021494914816457657 0.12231422081282847 0.03599189691287284 0.839544390792653
418 0.002147832832570998 0.12222145622434025 0.035706449517032876 0.8399242614260559
419 0.0021462272340760967 0.12212867117118009 0.03542246252677238 0.8403026390679713
420 0.0021446742738856894 0.1220358668376211 0.035139932469024596 0.8406795264194686
421 0.002143173543936277 0.1219430444009985 0.034858855864294346 0.8410549261907709
422 0.0021417246403235327 0.12185020503173227 0.03457922922677264 0.8414288411011716
423 0.0021403271632502445 0.12175734989335005 0.03430104906445072 0.8418012738789491
424 0.002138980716974881 0.1216644801425096 0.03402431187923361 0.8421722272612817
425 0.0021376849097607866 0.1215715969290218 0.033749014167053205 0.8425417039941643
426 0.0021364393538259884 0.12147870139587295 0.03347515241798073 0.8429097068323201
427 0.0021352436652936225 0.12138579467924787 0.03320272311633885 0.8432762385391197
428 0.0021340974641429495 0.12129287790855212 0.032931722740813144 0.8436413018864919
429 0.002133000374160987 0.12119995220643495 0.03266214776456317 0.8440048996548408
430 0.002131952022894715 0.12110701868881182 0.03239399465533295 0.8443670346329604
431 0.0021309520416038803 0.12101407846488725 0.03212725987556097 0.844727709617948
432 0.002130000065214364 0.12092113263717688 0.03186193988248967 0.8450869274151191
433 0.0021290957322721384 0.12082818230153064 0.03159803112827447 0.8454446908379227
434 0.00212823868489778 0.12073522854715515 0.03133553006009224 0.8458010027078549
435 0.002127428568741542 0.1206422724566362 0.03107443312024922 0.8461558658543731
436 0.0021266650329389803 0.1205493151059612 0.030814736746288523 0.8465092831148112
437 0.0021259477300671395 0.12045635756454225 0.03055643737109711 0.8468612573342935
438 0.002125276316101258 0.12036340089523802 0.030299531423012165 0.8472117913656484
439 0.0021246504503720357 0.12027044615437676 0.030044015325927095 0.8475608880693242
440 0.0021240697955234042 0.12017749439177844 0.029789885499396904 0.8479085503133013
441 0.002123534017470848 0.1200845466507777 0.029537138358743137 0.8482547809730084
442 0.0021230427853602234 0.11999160396824578 0.029285770315158242 0.8485995829312356
443 0.002122595771527102 0.11989866737461345 0.029035777775809537 0.8489429590780497
444 0.002122192651456616 0.11980573789389323 0.02878715714394249 0.8492849123107076
445 0.0021218331037438083 0.11971281654370185 0.028539904818983663 0.8496254455335708
446 0.0021215168100544753 0.11961990433528272 0.02829401719664303 0.8499645616580197
447 0.002121243455086506 0.11952700227352836 0.028049490669015853 0.8503022636023693
448 0.0021210127265316975 0.11943411135700274 0.027806321624683994 0.8506385542917816
449 0.00212082431503806 0.1193412325779637 0.027564506448816743 0.8509734366581814
450 0.002120677914172589 0.11924836692238527 0.027324041523271135 0.8513069136401711
451 0.002120573220384509 0.11915551536998004 0.027084923226691718 0.8516389881829437
452 0.0021205099329689816 0.11906267889422148 0.026847147934609898 0.8519696632381996
453 0.002120487754031274 0.11896985846236638 0.026610712019542668 0.85229894176406
454 0.002120506388451373 0.11887705503547688 0.02637561185109084 0.8526268267249808
455 0.0021205655438490643 0.11878426956844311 0.026141843796036908 0.852953321091671
456 0.002120664930549431 0.11869150301000514 0.025909404218442136 0.8532784278410033
457 0.0021208042615488134 0.11859875630277544 0.02567828947974339 0.8536021499559322
458 0.002120983252481193 0.11850603038326105 0.025448495938849326 0.8539244904254085
459 0.0021212016215849967 0.11841332618188569 0.02522001995223602 0.8542454522442933
460 0.002121459089670342 0.11832064462301212 0.02499285787404225 0.8545650384132754
461 0.002121755380086688 0.11822798662496431 0.024767006056164102 0.854883251938785
462 0.002122090218690904 0.1181353531000495 0.02454246084834915 0.8552000958329105
463 0.00212246333381575 0.11804274495458048 0.0243192185982901 0.8555155731133137
464 0.0021228744562387606 0.11795016308889754 0.02409727565171793 0.8558296868031459
465 0.0021233233191515263 0.11785760839739072 0.023876628352494482 0.8561424399309632
466 0.002123809658129375 0.11776508176852196 0.023657273042704596 0.8564538355306439
467 0.0021243332111014414 0.117672584084847 0.0234392060627477 0.8567638766413038
468 0.0021248937183211236 0.1175801162230375 0.023222423751428856 0.8570725663072123
469 0.0021254909223369237 0.11748767905390317 0.02300692244604939 0.8573799075777107
470 0.002126124567963659 0.1173952734424136 0.022792698482496883 0.8576859035071258
471 0.0021267944022540595 0.11730290024772044 0.022579748195334738 0.8579905571546909
472 0.0021275001744707226 0.11721056032317921 0.022368067917891227 0.8582938715844587
473 0.002128241636058439 0.11711825451637148 0.022157653982348008 0.858595849865222
474 0.002129018540616872 0.11702598366912652 0.02194850271982807 0.8588964950704288
475 0.002129830643873604 0.11693374861754333 0.021740610460483298 0.8591958102780999
476 0.0021306777036575264 0.11684155019201267 0.02153397353358142 0.8594937985707483
477 0.002131559479872581 0.11674938921723879 0.021328588267592485 0.8597904630352962
478 0.0021324757344718427 0.11665726651226119 0.02112445099027481 0.8600858067629922
